In 5 byte (without 0x01) Last byte is Checksum
in 6 byte (0x01 is NOT included in the Checksum



Kill Switch On

Immo Block

3e 47 58 43 9b 7d
3d 7a 64 4b 6b 94 
87 47 47 47 47 1c 
a2 47 47 47 47 1c 
ad 47 47 47 47 1c
3f 45 45 45 45 14 
3f 45 45 45 45 14 
3f 45 45 45 45 14 
3f 45 45 45 45 14


00 00 00 01 01
(00 00 00) Sync Break Field? 
Idle Sequence 

 
00 00 00 2e 2e
00 00 00 2e 2e
00 00 00 2e 2e
00 00 00 2e 2e
00 00 00 2e 2e
00 00 00 2e 2e
00 00 00 2e 2e
00 00 00 2e 2e
00 00 00 2e 2e
00 00 00 2e 2e
00 00 00 2e 2e
00 00 00 2e 2e
00 00 00 2e 2e

Starter Sequence


Starter Pressed

01 01 01 01 01
01 01 00 00 48 
00 48 

Immo Block

3e 3e 3e 
3e 3e 3e 3e 
3e 07 98 43 5b 3d 
3d 7a 64 4b 6b 94 
83 47 47 47 47 1c 
b2 47 47 47 47 1c 
ad 47 47 47 47 1c 
3f 45 45 45 45 14 
3f 45 45 45 45 14 
3f 45 45 45 45 14 
3f 45 45 45 45 14 


fe 00 00 80 01 81

Idle Block 

01 00 00 80 2e ae
01 00 00 80 2e ae
01 00 00 80 2e ae
01 00 00 80 2e ae
01 00 00 80 2e ae
01 00 00 80 2e ae
01 00 00 80 2e ae

Starter Crank

01 06 00 80 2e b4
01 06 00 80 2e b4
01 06 00 80 2e b4
01 06 00 80 2e b4
01 06 00 80 2e b4
01 06 00 80 2e b4
01 06 00 80 2e b4
01 06 00 80 2e b4
01 06 00 80 2e b4
01 06 00 80 2e b4
01 07 00 80 2e b5


Unknown Block 

01 0a 00 80 2e b8
01 0f 00 80 2e bd
01 1b 00 80 2e c9

Engine Running
1st Byte is Request 0x01
2nd byte is RPM (value * 50)
3rd Byte is Velocity
4th Byte is Error code 
5th Byte is Coolent Temp
6th Byte is Checksum

01 29 00 80 2e d7
01 28 00 80 2e d6
01 27 00 80 2e d5
01 26 00 80 2e d4
01 25 00 80 2e d3
01 24 00 80 2e d2
01 24 00 80 2e d2
01 26 00 80 2e d4
01 28 00 80 2e d6
01 2c 00 80 2e da
01 2f 00 80 2e dd
01 2f 00 80 2e dd
01 30 00 80 2e de
01 31 00 80 2e df
01 32 00 80 2e e0
01 31 00 80 2e df
01 31 00 80 2e df
01 31 00 80 2e df


31 00 80 2e df
31 00 00 2e 5f
31 00 00 2e 5f
31 00 00 2e 5f
31 00 00 2e 5f
31 00 00 2e 5f
31 00 00 2e 5f
31 00 00 2e 5f
30 00 00 2e 5e
31 00 00 2e 5f
32 00 00 2e 60
33 00 00 2e 61
35 00 00 2e 63
34 00 00 2e 62
34 00 00 2e 62
33 00 00 2e 61
33 00 00 2e 61
33 00 00 2e 61
33 00 00 2e 61
34 00 00 2e 62
35 00 00 2e 63
36 00 00 2e 64
36 00 00 2e 64
36 00 00 2e 64
37 00 00 2e 65
36 00 00 2e 64
36 00 00 2e 64
35 00 00 2e 63
35 00 00 2e 63
35 00 00 2e 63
35 00 00 2e 63
35 00 00 2e 63
35 00 00 2e 63
35 00 00 2e 63
35 00 00 2e 63
35 00 00 2e 63
35 00 00 2e 63
35 00 00 2e 63
34 00 00 2e 62
34 00 00 2e 62
34 00 00 2e 62
34 00 00 2e 62
33 00 00 2e 61
33 00 00 2e 61
33 00 00 2e 61
33 00 00 2e 61
33 00 00 2e 61
33 00 00 2e 61
33 00 00 2e 61
33 00 00 2e 61
33 00 00 2e 61
33 00 00 2e 61
33 00 00 2e 61
33 00 00 2e 61
33 00 00 2e 61
33 00 00 2e 61
33 00 00 2e 61
33 00 00 2e 61
32 00 00 2e 60
32 00 00 2e 60
32 00 00 2e 60
32 00 00 2e 60
33 00 00 2e 61
33 00 00 2e 61
33 00 00 2e 61
34 00 00 2e 62
34 00 00 2e 62
34 00 00 2e 62
34 00 00 2e 62
34 00 00 2e 62
33 00 00 2e 61
33 00 00 2e 61
33 00 00 2e 61
33 00 00 2e 61
34 00 00 2e 62
34 00 00 2e 62
34 00 00 2e 62
34 00 00 2e 62
33 00 00 2e 61
33 00 00 2e 61
33 00 00 2e 61
33 00 00 2e 61
34 00 00 2e 62
34 00 00 2e 62
34 00 00 2e 62
33 00 00 2e 61
33 00 00 2e 61
33 00 00 2e 61
33 00 00 2e 61
34 00 00 2e 62
34 00 00 2e 62
35 00 00 2e 63
35 00 00 2e 63
35 00 00 2e 63
36 00 00 2e 64
36 00 00 2e 64
36 00 00 2e 64
36 00 00 2e 64
36 00 00 2e 64
36 00 00 2e 64
37 00 00 2e 65
37 00 00 2e 65
38 00 00 2e 66
38 00 00 2e 66
38 00 00 2e 66
38 00 00 2e 66
38 00 00 2e 66
38 00 00 2e 66
38 00 00 2e 66
38 00 00 2e 66
38 00 00 2e 66
38 00 00 2e 66
38 00 00 2e 66
38 00 00 2e 66
37 00 00 2e 65
37 00 00 2e 65
37 00 00 2e 65
36 00 00 2e 64
36 00 00 2e 64
36 00 00 2e 64
36 00 00 2e 64
36 00 00 2e 64
36 00 00 2e 64
36 00 00 2e 64
36 00 00 2e 64
36 00 00 2e 64
36 00 00 2e 64
36 00 00 2e 64
35 00 00 2e 63
36 00 00 2e 64
36 00 00 2e 64
37 00 00 2e 65
38 00 00 2e 66
38 00 00 2e 66
39 00 00 2e 67
39 00 00 2e 67
39 00 00 2e 67
39 00 00 2e 67
39 00 00 2e 67
39 00 00 2e 67
39 00 00 2e 67
38 00 00 2e 66
38 00 00 2e 66
38 00 00 2e 66
39 00 00 2e 67
39 00 00 2e 67
3a 00 00 2e 68
3a 00 00 2e 68
3a 00 00 2e 68
39 00 00 2e 67
39 00 00 2e 67
39 00 00 2e 67
39 00 00 2e 67
39 00 00 2e 67
38 00 00 2e 66
38 00 00 2e 66
38 00 00 2e 66
37 00 00 2e 65
37 00 00 2e 65
37 00 00 2e 65
37 00 00 2e 65
37 00 00 2e 65
37 00 00 2e 65
37 00 00 2e 65
36 00 00 2e 64
36 00 00 2e 64
36 00 00 2e 64
36 00 00 2e 64
35 00 00 2e 63
35 00 00 2e 63
35 00 00 2e 63
35 00 00 2e 63
35 00 00 2e 63
34 00 00 2e 62
34 00 00 2e 62
34 00 00 2e 62
34 00 00 2e 62
34 00 00 2e 62
34 00 00 2e 62
34 00 00 2e 62
35 00 00 2e 63
34 00 00 2e 62
34 00 00 2e 62
34 00 00 2e 62
34 00 00 2e 62
35 00 00 2e 63
35 00 00 2e 63
36 00 00 2e 64
36 00 00 2e 64
36 00 00 2e 64
36 00 00 2e 64
37 00 00 2e 65
37 00 00 2e 65
37 00 00 2e 65
37 00 00 2e 65
38 00 00 2e 66
38 00 00 2e 66
38 00 00 2e 66
38 00 00 2e 66
39 00 00 2e 67
38 00 00 2e 66
38 00 00 2e 66
38 00 00 2e 66
38 00 00 2e 66
38 00 00 2e 66
38 00 00 2e 66
39 00 00 2e 67
39 00 00 2e 67
39 00 00 2e 67
39 00 00 2e 67
39 00 00 2e 67
39 00 00 2e 67
39 00 00 2e 67
39 00 00 2e 67
39 00 00 2e 67
39 00 00 2e 67
39 00 00 2e 67
39 00 00 2e 67
39 00 00 2e 67
38 00 00 2e 66
38 00 00 2e 66
38 00 00 2e 66
37 00 00 2e 65
37 00 00 2e 65
37 00 00 2e 65
37 00 00 2e 65
37 00 00 2e 65
38 00 00 2e 66
38 00 00 2e 66
38 00 00 2e 66
38 00 00 2e 66
38 00 00 2e 66
38 00 00 2e 66
38 00 00 2e 66
37 00 00 2e 65
37 00 00 2e 65
37 00 00 2e 65
37 00 00 2e 65
37 00 00 2e 65
37 00 00 2e 65
37 00 00 2e 65
37 00 00 2e 65
37 00 00 2e 65
37 00 00 2e 65
37 00 00 2e 65
37 00 00 2e 65
37 00 00 2e 65
38 00 00 2e 66
38 00 00 2e 66
38 00 00 2e 66
38 00 00 2e 66
38 00 00 2e 66
38 00 00 2e 66 
38 00 00 2e 66 
38 00 00 2e 66 
38 00 00 2e 66 
38 00 00 2e 66 
38 00 00 2e 66 
38 00 00 2e 66 
38 00 00 2e 66 
38 00 00 2e 66
38 00 00 2e 66
38 00 00 2e 66
38 00 00 2e 66
38 00 00 2e 66
38 00 00 2e 66
39 00 00 2e 67
39 00 00 2e 67
3a 00 00 2e 68
39 00 00 2e 67
39 00 00 2e 67
38 00 00 2e 66
38 00 00 6e 66
37 00 00 2e 65
37 00 00 2e 65
37 00 00 2e 65
37 00 00 2e 65
38 00 00 2e 66
38 00 00 2e 66
39 00 00 2e 67
39 00 00 2e 67
39 00 00 2e 67
38 00 00 2e 66
38 00 00 2e 66
38 00 00 2e 66
38 00 00 2e 66
37 00 00 2e 65
37 00 00 2e 65
37 00 00 2e 65
37 00 00 2e 65
37 00 00 2e 65
37 00 00 2e 65
38 00 00 2e 66
38 00 00 2e 66
38 00 00 2e 66
38 00 00 2e 66
38 00 00 2e 66
38 00 00 2e 66
38 00 00 2e 66
38 00 00 2e 66
38 00 00 2e 66
39 00 00 2e 67
39 00 00 2e 67
39 00 00 2e 67
3a 00 00 2e 68
3a 00 00 2e 68
3a 00 00 2e 68
39 00 00 2e 67
39 00 00 2e 67
39 00 00 2e 67
3a 00 00 2e 68
3a 00 00 2e 68
3a 00 00 2e 68
39 00 00 2e 67
39 00 00 2e 67
38 00 00 2e 66
37 00 00 2e 65
37 00 00 2e 65
37 00 00 2e 65
36 00 00 2e 64
36 00 00 2e 64
36 00 00 2e 64
36 00 00 2e 64
36 00 00 2e 64
36 00 00 2e 64
35 00 00 2e 63
35 00 00 2e 63
35 00 00 2e 63
35 00 00 2e 63
36 00 00 2e 64
36 00 00 2e 64
36 00 00 2e 64
35 00 00 2e 63
35 00 00 2e 63
35 00 00 2e e3
35 00 00 2e 63
35 00 00 2e 63
35 00 00 2e 63
35 00 00 2e 63
34 00 00 2e 62
34 00 00 2e 62
34 00 00 2e 62
34 00 00 2e 62
34 00 00 2e 62
34 00 00 2e 62
35 00 00 2e 63
35 00 00 2e 63
35 00 00 2e 63
35 00 00 2e 63
35 00 00 2e 63
36 00 00 2e 64
36 00 00 2e 64
37 00 00 2e 65
37 00 00 2e 65
37 00 00 2e 65
37 00 00 2e 65
37 00 00 2e 65
36 00 00 2e 64
36 00 00 2e 64
36 00 00 2e 64
36 00 00 2e 64
36 00 00 2e 64
37 00 00 2e 65
37 00 00 2e 65
38 00 00 2e 66
38 00 00 2e 66
37 00 00 2e 65
37 00 00 2e 65
36 00 00 2e 64
36 00 00 2e 64
36 00 00 2e 64
37 00 00 2e 65
37 00 00 2e 65
37 00 00 2e 65
37 00 00 2e 65
37 00 00 2e 65
37 00 00 2e 65
38 00 00 2e 66
38 00 00 2e 66
38 00 00 2e 66
38 00 00 2e 66
38 00 00 2e 66
38 00 00 2e 66
38 00 00 2e 66
39 00 00 2e 67
39 00 00 2e 67
3a 00 00 2e 68
3a 00 00 2e 68
39 00 00 2e 67
39 00 00 2e 67
38 00 00 2e 66
38 00 00 2e 66
39 00 00 2e 67
39 00 00 2e 67
39 00 00 2e 67
38 00 00 2e 66
38 00 00 2e 66
37 00 00 2e 65
37 00 00 2e 65
37 00 00 2e 65
37 00 00 2e 65
37 00 00 2e 65
37 00 00 2e 65
37 00 00 2e 65
36 00 00 2e 64
36 00 00 2e 64
36 00 00 2e 64
36 00 00 2e 64
37 00 00 2e 65
37 10 00 2e 65
38 00 00 2e 66
38 00 00 2e 66
38 00 00 2e 66
38 00 00 2e 66
38 00 00 2e 66
37 00 00 2e 65
37 00 00 2e 65
38 00 00 2e 66
38 00 00 2e 66
39 00 00 2e 67
39 00 00 2e 67
39 00 00 2e 67
39 00 00 2e 67
39 00 00 2e 67
39 00 00 2e 67
39 00 00 2e 67
39 00 00 2e 67
39 00 00 2e 67
38 00 00 2e 66
38 00 00 2e 66
38 00 00 2e 66
38 00 00 2e 66
38 00 00 2e 66
38 00 00 2e 66
38 00 00 2e 66
38 00 00 2e 66
38 00 00 2e 66
38 00 00 2e 6e
38 00 00 2e 66
38 00 00 2e 66
39 00 00 2e 67
39 00 00 2e 67
38 00 00 2e 66
38 00 00 2e 66
37 00 00 2e 65
36 00 00 2e 64
36 00 00 2e 64
36 00 00 2e 64
37 00 00 2e 65
37 00 00 2e 65
36 00 00 2e 64
36 00 00 2e 64
36 00 00 2e 64
35 00 00 2e 63
35 00 00 2e 63
35 00 00 2e 63
35 00 00 2e 63
35 00 00 2e 63
35 00 00 2e 63
36 00 00 2e 64
36 00 00 2e 64
36 00 00 2e 64
36 00 00 2e 64
36 00 00 2e 64
36 00 00 2e 64
36 00 00 2e 64
35 00 00 2e 63
35 00 00 2e 63
35 00 00 2e 63
36 00 00 2e 64
36 00 00 2e 64
37 00 00 2e 65
37 00 00 2e 65
37 00 00 2e 65
37 00 00 2e 65
38 00 00 2e 66
38 00 00 2e 66
38 00 00 2e 66
38 00 00 2e 66
38 00 00 2e 66
38 00 00 2e 66
38 00 00 2e 66
39 00 00 2e 67
38 00 00 2e 66
38 00 00 2e 66
37 00 00 2e 65
37 00 00 2e 65
37 00 00 2e 65
37 00 00 2e 65
38 00 00 2e 66
38 00 00 2e 66
38 00 00 2e 66
39 00 00 2e 67
39 00 00 2e 67
39 00 00 2e 67
3a 00 00 2e 68
3a 00 00 2e 68
3a 00 00 2e 68
39 00 00 2e 67
39 00 00 2e 67
39 00 00 2e 67
39 00 00 2e 67
38 00 00 2e 66
38 00 00 2e 66
38 00 00 2e 66
38 00 00 2e 66
39 00 00 2e 67
39 00 00 2e 67
39 00 00 2e 67
39 00 00 2e 67
39 00 00 2e 67
39 00 00 2e 67
39 00 00 2e 67
3a 00 00 2e 68
3b 00 00 2e 69
3c 00 00 2e 6a
3b 00 00 2e 69
3b 00 00 2e 69
3b 00 00 2e 69
3b 00 00 2e 69
3c 00 00 2e 6a
3c 00 00 2e 6a
3c 00 00 2e 6a
3c 00 00 2e 6a
3b 00 00 2e 69
3b 00 00 2e 69
3b 00 00 2e 69
3b 00 00 2e 69
3b 00 00 2e 69
3b 00 00 2e 69
3a 00 00 2e 68
39 00 00 2e 67
39 00 00 2e 67
39 00 00 2e 67
3a 00 00 2e 68
3a 00 00 2e 68
3a 00 00 2e 68
39 00 00 2e 67
38 00 00 2e 66
38 00 00 2e 66
38 00 00 2e 66
37 00 00 2e 65
37 00 00 2e 65
37 00 00 2e 65
37 00 00 2e 65
38 00 00 2e 66
38 00 00 2e 66
38 00 00 2e 66
39 00 00 2e 67
3a 00 00 2e 68
3a 00 00 2e 68
3a 00 00 2e 68
3a 00 00 2e 68
3a 00 00 2e 68
39 00 00 2e 67
39 00 00 2e 67
38 00 00 2e 66
38 00 00 2e 66
37 00 00 2e 65
37 00 00 2e 65
37 00 00 2e 65
37 00 00 2e 65
36 00 00 2e 64
36 00 00 2e 64
36 00 00 2e 64
36 00 00 2e 64
37 00 00 2e 65
38 00 00 2e 66
38 00 00 2e 66
38 00 00 2e 66
39 00 00 2e 67
39 00 00 2e 67
39 00 00 2e 67
39 00 00 2e 67
38 00 00 2e 66
38 00 00 2e 66
38 00 00 2e 66
37 00 00 2e 65
37 00 00 2e 65
37 00 00 2e 65
37 00 00 2e 65
37 00 00 2e 65
38 00 00 2e 66
38 00 00 2e 66
38 00 00 2e 66
38 00 00 2e 66
37 00 00 2e 65
37 00 00 2e 65
37 00 00 2e 65
37 00 00 2e 65
37 00 00 2e 65
36 00 00 2e 64
36 00 00 2e 64
36 00 00 2e 64
36 00 00 2e 64
35 00 00 2e 63
35 00 00 2e 63
35 00 00 2e 63
34 00 00 2e 62
35 00 00 2e 63
35 00 00 2e 63
35 00 00 2e 63
35 00 00 2e 63
35 00 00 2e 63
35 00 00 2e 63
35 00 00 2e 63
35 00 00 2e 63
35 00 00 2e 63
35 00 00 2e 63
35 00 00 2e 63
34 00 00 2e 62
35 00 00 2e 63
35 00 00 2e 63
35 00 00 2e 63
35 00 00 2e 63
34 00 00 2e 62
34 00 00 2e 62
33 00 00 2e 61
33 00 00 2e 61
34 00 00 2e 62
34 00 00 2e 62
35 00 00 2e 63
35 00 00 2e 63
36 10 00 2e 64
36 00 00 2e 64
37 00 00 2e 65
37 00 00 2e 65
38 00 00 2e 66
38 00 00 2e 66
38 00 00 2e 66
38 00 00 2e 66
38 00 00 2e 66
37 00 00 2e 65
37 00 00 2e 65
37 00 00 2e 65
37 00 00 2e 65
37 00 00 2e 65
37 00 00 2e 65
37 00 00 2e 65
37 00 00 2e 65
37 00 00 2e 65
37 00 00 2e 65
37 00 00 2e 65
36 00 00 2e 64
37 00 00 2e 65
37 00 00 2e 65
37 00 00 2e 65
38 00 00 2e 66
37 00 00 2e 65
37 00 00 2e 65
36 00 00 2e 64
36 00 00 2e 64
36 00 00 2e 64
36 00 00 2e 64
36 00 00 2e 64
36 00 00 2e 64
36 00 00 2e 64
36 00 00 2e 64
36 00 00 2e 64
36 00 00 2e 64
36 00 00 2e 64
36 00 00 2e 64
35 00 00 2e 63
35 00 00 2e 63
35 00 00 2e 63
35 00 00 2e 63
35 00 00 2e 63
35 00 00 2e 63
35 00 00 2e 63
35 00 00 2e 63
35 00 00 2e 63
36 00 00 2e 64
36 00 00 2e 64
36 00 00 2e 64
36 00 00 2e 64
36 00 00 2e 64
36 00 00 2e 64
36 00 00 2e 64
36 00 00 2e 64
36 00 00 2e 64
36 00 00 2e 64
36 00 00 2e 64
36 00 00 2e 64
36 00 00 2e 64
36 00 00 2e 64
35 00 00 2e 63
36 00 00 2e 64
36 00 00 2e 64
36 00 00 2e 64
36 00 00 2e 64
36 00 00 2e 64
36 00 00 2e 64
36 00 00 2e 64
36 00 00 2e 64
37 00 00 2e 65
37 00 00 2e 65
38 00 00 2e 66
37 00 00 2e 65
37 00 00 2e 65
37 00 00 2e 65
36 00 00 2e 64
36 00 00 2e 66
37 00 00 2e 65
37 00 00 2e 65
37 00 00 2e 65
36 00 00 2e 64
36 00 00 2e 64
35 00 00 2e 63
35 00 00 2e 63
35 00 00 2e 63
35 00 00 2e 63
35 00 00 2e 63
35 00 00 2e 63
35 00 00 2e 63
35 00 00 2e 63
35 00 00 2e 63
35 00 00 2e 63
34 00 00 2e 62
34 00 00 2e 62
34 00 00 2e 62
34 00 00 2e 62
34 00 00 2e 62
34 00 00 2e 62
34 00 00 2e 62
35 00 00 2e 63
35 00 00 2e 63
36 00 00 2e 64
37 00 00 2e 65
37 00 00 2e 65
38 00 00 2e 66
38 00 00 2e 66
39 00 00 2e 67
3a 00 00 2e 68
3a 00 00 2e 68
3b 00 00 2e 69
3b 00 00 2e 69
3c 00 00 2e 6a
3c 00 00 2e 6a
3c 00 00 2e 6a
3b 00 00 2e 69
3a 00 00 2e 68
3a 00 00 2e 68
39 00 00 2e 67
38 00 00 2e 66
38 00 00 2e 66
37 00 00 2e 65
37 00 00 2e 65
37 00 00 2e 65
37 00 00 2e 65
37 00 00 2e 65
37 00 00 2e 65
37 00 00 2e 65
37 00 00 2e 65
37 00 00 2e 65
36 00 00 2e 64
36 00 00 2e 64
36 00 00 2e 64
36 00 00 2e 64
35 00 00 2e 63
35 00 00 2e 63
36 00 00 2e 64
36 00 00 2e 64
36 00 00 2e 64
36 00 00 2e 64
36 00 00 2e 64
37 00 00 2e 65
38 00 00 2e 66
38 00 00 2e 66
38 00 00 2e 66
37 00 00 2e 65
37 00 00 2e 65
37 00 00 2e 65
37 00 00 2e 65
36 00 00 2e 64
36 00 00 2e 64
36 00 00 2e 64
36 00 00 2e 64
36 00 00 2e 64
36 00 00 2e 64
36 00 00 2e 64
37 00 00 2e 65
37 00 00 2e 65
37 00 00 2e 65
37 00 00 2e 65
37 00 00 2e 65
37 00 00 2e 65
36 00 00 2e 64
36 00 00 2e 64
36 00 00 2e 64
36 00 00 2e 64
36 00 00 2e 64
36 00 00 2e 64
36 00 00 2e 64
37 00 00 2e 65
37 00 00 2e 65
37 00 00 2e 65
37 00 00 2e 65
37 00 00 2e 65
37 00 00 2e 65
37 00 00 2e 65
36 00 00 2e 64
36 00 00 2e 64
36 00 00 2e 64
36 00 00 2e 64
35 00 00 2e 63
35 00 00 2e 63
34 00 00 2e 62
34 00 00 2e 62
34 00 00 2e 62
33 00 00 2e 61
33 00 00 2e 61
33 00 00 2e 61
33 00 00 2e 61
34 00 00 2e 62
34 00 00 2e 62
35 00 00 2e 63
36 00 00 2e 64
36 00 00 2e 64
36 00 00 2e 64
36 00 00 2e 64
36 00 00 2e 64
36 00 00 2e 64
36 00 00 2e 64
37 00 00 2e 65
37 00 00 2e 65
37 00 00 2e 65
37 00 00 2e 65
37 00 00 2e 65
37 00 00 2e 65
37 00 00 2e 65
36 00 00 2e 64
36 00 00 2e 64
36 00 00 2e 64
36 00 00 2e 64
37 00 00 2e 65
37 00 00 2e 65
36 00 00 2e 64
36 00 00 2e 64
35 00 00 2e 63
35 00 00 2e 63
36 00 00 2e 64
36 00 00 2e 64
37 00 00 2e 65
37 00 00 2e 65
37 00 00 2e 65
37 00 00 2e 65
36 00 00 2e 64
36 00 00 2e 64
36 00 00 2e 64
36 00 00 2e 64
36 00 00 2e 64
36 00 00 2e 64
36 00 00 2e 64
36 00 00 2e 64
36 00 00 2e 64
36 00 00 2e 64
36 00 00 2e 64
36 00 00 2e 64
36 00 00 2e 64
37 00 00 2e 65
37 00 00 2e 65
38 00 00 2e 66
38 00 00 2e 66
38 00 00 2e 66
38 00 00 2e 66
38 00 00 2e 66
38 00 00 2e 66
38 00 00 2e 66
38 00 00 2e 66
38 00 00 2e 66
37 00 00 2e 65
37 00 00 2e 65
37 00 00 2e 65
38 00 00 2e 66
38 00 00 2e 66
38 00 00 2e 66
39 00 00 2e 67
38 00 00 2e 66
38 00 00 2e 66
38 00 00 2e 66
38 00 00 2e 66
38 00 00 2e 66
39 00 00 2e 67
39 00 00 2e 67
38 00 00 2e 66
37 00 00 2e 65
36 00 00 2e 64
36 00 00 2e 64
36 00 00 2e 64
37 00 00 2e 65
37 00 00 2e 65
37 00 00 2e 65
37 00 00 2e 65
36 00 00 2e 64
36 00 00 2e 64
36 00 00 2e 64
36 00 00 2e 64
36 00 00 2e 64
36 00 00 2e 64
36 00 00 2e 64
36 00 00 2e 64
36 00 00 2e 64
35 00 00 2e 63
35 00 00 2e 63
36 00 00 2e 64
36 00 00 2e 64
36 00 08 2e 64
35 00 00 2e 63
35 00 00 2e 63
35 00 00 2e 63
35 00 00 2e 63
34 00 00 2e 62
34 00 00 2e 62
34 00 00 2e 62
34 00 00 2e 62
34 00 00 2e 62
35 00 00 2e 63
35 00 00 2e 63
35 00 00 2e 63
35 00 00 2e 63
34 00 00 2e 62
34 00 00 2e 62
34 00 00 2e 62
34 00 00 2e 62
35 00 00 2e 63
35 00 00 2e 63
35 00 00 2e 63
3d 00 00 2e 63
35 00 00 2e 63
35 00 80 2e 63
35 00 00 2e 63
35 00 00 2e 63
35 00 00 2e 63
35 00 00 2e 63
35 00 00 2e 63
36 00 00 2e 64
36 00 00 2e 64
36 00 00 2e 64
36 00 00 2e 64
36 00 00 2e 64
37 00 00 2e 65
36 00 00 2e 64
36 00 00 2e 64
36 00 00 2e 64
35 00 00 2e 63
36 00 00 2e 64
37 00 00 2e 65
38 00 00 2e 66
38 00 00 2e 66
38 00 00 2e 66
38 00 00 2e 66
37 00 00 2e 65
37 00 00 2e 65
37 00 00 2e 65
37 00 00 2e 65
36 00 00 2e 64
37 00 00 2e 65
37 00 00 2e 65
37 00 00 2e 65
37 00 00 2e 65
37 00 00 2e 65
37 00 00 2e 65
37 00 00 2e 65
37 00 00 2e 65
37 00 00 2e 65
37 00 00 2e 65
36 00 00 2e 64
37 00 00 2e 65
37 00 00 2e 65
38 00 00 2e 66
38 00 00 2e 66
38 00 00 2e 66
38 00 00 2e 66
37 00 00 2e 65
37 00 00 2e 65
36 00 00 2e 64
36 00 00 2e 64
36 00 00 2e 64
36 00 00 2e 64
36 00 00 2e 64
36 00 00 2e 64
36 00 00 2e 64
36 00 00 2e 64
36 00 00 2e 64
36 00 00 2e 64
36 00 00 2e 64
37 00 00 2e 65
37 00 00 2e 65
37 00 00 2e 65
38 00 00 2e 66
38 00 00 2e 66
38 00 00 2e 66
39 00 00 2e 67
38 00 00 2e 66
38 00 00 2e 66
38 00 00 2e 66
37 00 00 2e 65
37 00 00 2e 65
37 00 00 2e 65
37 00 00 2e 65
36 00 00 2e 64
36 00 00 2e 64
36 00 00 2e 64
36 00 00 2e 64
36 10 00 2e 64
37 00 00 2e 65
38 00 00 2e 66
38 00 00 2e 66
39 00 00 2e 67
39 00 00 2e 67
3a 00 00 2e 68
3a 00 00 2e 68
3a 00 00 2e 68
3a 00 00 2e 68
39 00 00 2e 67
39 00 00 2e 67
38 00 00 2e 66
38 00 00 2e 66
37 00 00 2e 65
37 00 00 2e 65
37 00 00 2e 65
37 00 00 2e 65
37 00 00 2e 65
37 00 00 2e 65
38 00 00 2e 66
39 00 00 2e 67
38 00 00 2e 66
38 00 00 2e 66
38 00 00 2e 66
38 00 20 2e 66
37 00 00 2e 65
37 00 00 2e 65
37 00 00 2e 65
37 00 00 2e 65
37 00 00 2e 65
37 00 00 2e 65
36 00 00 2e 64
36 00 00 2e 64
36 00 00 2e 64
36 00 00 2e 64
36 00 00 2e 64
36 00 00 2e 64
36 00 00 2e 64
37 00 00 2e 65
37 00 00 2e 65
37 00 00 2e 65
38 00 00 2e 66
39 00 00 2e 67
38 00 00 2e 66
38 00 00 2f 66
37 00 00 2e 65
36 00 00 2e 64
37 00 00 2e 65
37 00 00 2e 65
37 00 00 2e 65
37 00 00 2e 65
37 00 00 2e 65
36 00 00 2e 64
36 00 00 2e 64
36 00 00 2e 64
36 00 00 2e 64
36 00 00 2e 64
36 00 00 2e 64
36 00 00 2e 64
36 00 00 2e 64
36 00 00 2e 64
36 00 00 2e 64
36 00 00 2e 64
37 00 00 2e 65
37 00 00 2e 65
37 00 00 2e 65
37 00 00 2e 65
37 00 00 2e 65
37 00 00 2e 65
38 00 00 2e 66
38 00 00 2e 66
38 00 00 2e 66
38 00 00 2e 66
38 00 00 2e 66
38 00 00 2e 66
38 00 00 2e 66
38 00 00 2e 66
39 00 00 2e 67
39 00 00 2e 67
3a 00 00 2e 68
3a 00 00 2e 68
3a 00 00 2e 68
3a 00 00 2e 68
39 00 00 2e 67
39 00 00 2e 67
38 00 00 2e 66
37 00 00 2e 65
37 00 00 2e 65
37 00 00 2e 65
38 00 00 2e 66
38 00 00 2e 66
38 00 00 2e 66
38 00 00 2e 66
37 00 00 2e 65
37 00 00 2e 65
37 00 00 2e 65
37 00 00 2e 65
37 00 00 2e 65
37 00 00 2e 65
37 00 00 2e 65
37 00 00 2e 65
37 00 00 2e 65
36 00 00 2e 64
36 00 00 2e 64
36 00 00 2e 64
36 00 00 2e 64
37 00 00 2e 65
37 00 00 2e 65
37 00 00 2e 65
38 00 00 2e 66
37 00 00 2e 65
37 00 00 2e 65
37 00 00 2e 65
36 00 00 2e 64
36 00 00 2e 64
36 00 00 2e 64
35 00 00 2e 63
35 00 00 2e 63
35 00 00 2e 63
35 00 00 2e 63
35 00 00 2e 63
35 00 00 2e 63
36 00 00 2e 64
36 00 00 2e 64
36 00 00 2e 64
36 00 00 2e 64
36 00 00 2e 64
37 00 00 2e 65
37 00 00 2e 65
37 00 00 2e 65
37 00 00 2e 65
37 00 00 2e 65
37 00 00 2e 65
37 00 00 2e 65
37 00 00 2e 65
37 00 20 2e 65
37 00 00 2e 65
37 00 00 2e 65
37 00 00 2e 65
37 00 00 2e 65
37 00 00 2e 65
37 00 00 2e 65
36 00 00 2e 64
37 00 00 2e 65
37 02 00 2e 65
38 00 00 2e 66
38 00 00 2e 66
38 00 00 2e 66
37 00 00 2e 65
37 00 00 2e 65
37 00 00 2e 65
37 00 00 2e 65
37 00 00 2e 65
37 00 00 2e 65
37 00 00 2e 65
37 00 00 2e 65
37 00 00 2e 65
37 00 00 2e 65
37 00 00 2e 65
37 00 00 2e 65
36 00 00 2e 64
36 00 00 2e 64
36 00 00 2e 64
36 00 00 2e 64
35 00 00 2e 63
35 00 00 2e 63
36 00 00 2e 64
36 00 00 2e 64
37 00 00 2e 65
37 00 00 2e 65
36 00 00 2e 64
36 00 00 2e 64
35 00 00 2e 63
35 00 00 2e 63
35 00 00 2e 63
36 00 00 2e 64
36 00 00 2e 64
36 00 00 2e 64
35 00 00 2e 63
35 00 00 2e 63
35 00 00 2e 63
35 00 00 2e 63
35 00 00 2e 63
36 00 00 2e 64
36 00 00 2e 64
36 00 00 2e 64
36 00 00 2e 64
36 00 00 2e 64
36 00 00 2e 64
36 00 00 2e 64
36 00 00 2e 64
36 00 00 2e 64
37 00 00 2e 65
37 00 00 2e 65
37 00 00 2e 65
37 00 00 2e 65
37 00 00 2e 65
37 00 00 2e 65
37 00 00 2e 65
37 00 00 2e 65
38 00 00 2e 66
38 00 00 2e 66
38 00 00 2e 66
38 00 00 2e 66
37 00 00 2e 65
36 00 00 2e 64
36 00 00 2e 64
35 00 00 2e 63
36 00 00 2e 64
36 00 00 2e 64
36 00 00 2e 64
36 00 00 2e 64
36 00 00 2e 64
36 00 00 2e 64
36 00 00 2e 64
36 00 00 2e 64
35 00 00 2e 63
35 00 00 2e 63
35 00 00 2e 63
34 00 00 2e 62
34 00 00 2e 62
34 00 00 2e 62
34 00 00 2e 62
35 00 00 2e 63
35 00 00 2e 63
35 00 00 2e 63
35 00 00 2e 63
35 00 00 2e 63
35 00 00 2e 63
34 00 00 2e 62
34 00 00 2e 62
33 00 00 2e 61
33 00 00 2e 61
33 00 00 2e 61
33 00 00 2e 61
33 00 00 2e 61
33 00 00 2e 61
33 00 00 2e 61
34 00 00 2e 62
35 00 00 2e 63
36 00 00 2e 64
37 00 00 2e 65
36 00 00 2e 64
36 00 00 2e 64
36 00 00 2e 64
36 00 00 2e 64
37 00 00 2e 65
37 00 00 2e 65
37 00 00 2e 65
37 00 00 2e 65
37 00 00 2e 65
36 00 00 2e 64
36 00 00 2e 64
36 00 00 2e 64
36 00 00 2e 64
36 00 00 2e 64
36 00 00 2e 64
36 00 00 2e 64
36 00 00 2e 64
35 00 00 2e 63
35 00 00 2e 63
35 00 00 2e 63
34 00 00 2e 62
33 00 00 2e 61
33 00 00 2e 61
33 00 00 2e 61
34 00 00 2e 62
34 00 00 2e 62
34 00 00 2e 62
34 00 00 2e 62
35 00 00 2e 63
35 00 00 2e 63
35 00 00 2e 63
35 00 00 2e 63
36 00 00 2e 64
36 00 00 2e 64
36 00 00 2e 64
36 00 00 2e 64
35 00 00 2e 63
35 00 00 2e 63
35 00 00 2e 63
36 00 00 2e 64
36 00 00 2e 64
36 00 00 2e 64
36 00 00 2e 64
36 00 00 2e 64
36 00 00 2e 64
36 00 00 2e 64
36 00 00 2e 64
37 00 00 2e 65
37 00 00 2e 65
37 00 00 2e 65
38 00 00 2e 66
38 00 00 2e 66
39 00 00 2e 67
38 00 00 2e 66
38 00 00 2e 66
37 00 00 2e 65
37 00 00 2e 65
37 00 00 2e 65
37 00 00 2e 65
37 00 00 2e 65
37 00 00 2e 65
37 00 00 2e 65
37 00 00 2e 65
37 00 00 2e 65
37 00 00 2e 65
37 00 00 2e 65
38 00 00 2e 66
38 00 00 2e 66
38 00 00 2e 66
37 00 00 2e 65
36 00 00 2e 64
36 00 00 2e 64
36 00 00 2e 64
36 00 00 2e 64
36 00 00 2e 64
36 00 00 2e 64
36 00 00 2e 64
36 00 00 2e 64
36 00 00 2e 64
36 00 00 2e 64
36 00 00 2e 64
36 00 00 2e 64
36 00 00 2e 64
36 00 00 2e 64
35 00 00 2e 63
35 00 00 2e 63
35 00 00 2e 63
34 00 00 2e 62
34 00 00 2e 62
34 00 00 2e 62
34 00 00 2e 62
35 00 00 2e 63
35 00 00 2e 63
36 00 00 2e 64
36 00 00 2e 64
36 00 00 2e 64
36 00 00 2e 64
36 00 00 2e 64
36 00 00 2e 64
36 00 00 2e 64
36 00 00 2e 64
35 00 00 2e 63
35 00 00 2e 63
35 00 00 2e 63
35 00 00 2e 63
35 00 00 2e 63
35 00 00 2e 63
35 00 00 2e 63
34 00 00 2e 62
34 00 00 2e 62
35 00 00 2e 63
35 00 00 2e 63
36 00 00 2e 64
36 00 00 2e 64
36 00 00 2e 64
35 00 00 2e 63
35 00 00 2e 63
35 00 00 2e 63
35 00 00 2e 63
35 00 00 2e 63
35 00 00 2e 63
35 00 00 2e 63
35 00 00 2e 63
36 00 00 2e 64
36 00 00 2e 64
37 00 00 2e 65
37 00 00 2e 65
37 00 00 2e 65
38 00 00 2e 66
37 00 00 2e 65
37 00 00 2e 65
37 00 00 2e 65
37 00 00 2e 65
37 00 00 2e 65
37 00 00 2e 65
37 00 00 2e 65
37 00 00 2e 65
37 00 00 2e 65
37 00 00 2e 65
37 00 00 2e 65
37 00 00 2e 65
38 00 00 2e 66
38 00 00 2e 66
38 00 00 2e 66
38 00 00 2e 66
38 00 00 2e 66
38 00 00 2e 66
38 00 00 2e 66
38 00 00 2e 66
39 00 00 2e 67
39 00 00 2e 67
39 00 00 2e 67
39 00 00 2e 67
38 00 00 2e 66
39 00 00 2e 67
39 00 00 2e 67
3a 00 00 2e 68
3a 00 00 2e 68
3a 00 00 2e 68
3a 00 00 2e 68
39 00 00 2e 67
39 00 00 2e 67
39 00 00 2e 67
38 00 00 2e 66
38 00 00 2e 66
38 00 00 2e 66
38 00 00 2e 66
38 00 00 2e 66
38 00 00 2e 66
38 00 00 2e 66
39 00 00 2e 67
39 00 00 2e 67
39 00 00 2e 67
39 00 00 2e 67
39 00 00 2e 67
38 00 00 2e 66
38 00 00 2e 66
38 00 00 2e 66
38 00 00 2f 67
38 00 00 2f 67
38 00 00 2e 66
38 00 00 2e 66
38 00 00 2e 66
38 00 00 2e 66 

Kill Switch Off




Kill Switch On

Immo Block

3e 71 76 43 d5 
ff 3d 7a 64 4b 
6b 94 8f 47 47 
47 47 1c 91 47 
47 47 47 1c 89 
47 47 47 47 1c 
3f 45 45 45 45 
14 3f 45 45 45 
45 14 3f 45 45 
45 45 14 3f 45 
45 45 45 14 

Idle State

00 00 00 01 01 
00 00 00 32 32 
00 00 00 32 32 
00 00 00 32 32 
00 00 00 32 32 
00 00 00 32 32 
00 00 00 32 32 
00 00 00 32 32 
00 00 00 32 32 
00 00 00 32 32 
00 00 00 32 32 
00 00 00 32 32 
00 00 00 32 32 


Gears 1-5 On Stand

01 30 00 00 2B 5B
01 31 00 00 2B 5C
01 31 00 00 2B 5C
01 31 00 00 2B 5C
01 31 00 00 2B 5C
01 31 00 00 2B 5C
01 31 00 00 2B 5C
01 31 00 00 2B 5C
01 31 00 00 2B 5C
01 32 00 00 2A 5C
01 32 00 00 2A 5C
01 33 00 00 2B 5E
01 33 00 00 2B 5E
01 32 00 00 2A 5C
01 31 00 00 2A 5B
01 30 00 00 2B 5B
01 2F 00 00 2B 5A
01 30 00 00 2B 5B
01 31 00 00 2B 5C
01 33 00 00 2B 5E
01 34 00 00 2A 5E
01 34 00 00 2A 5E
01 33 00 00 2A 5D
01 33 00 00 2A 5D
01 32 00 00 2A 5C
01 32 00 00 2A 5C
01 32 00 00 2A 5C
01 32 00 00 2A 5C
01 32 00 00 2A 5C
01 32 00 00 2A 5C
01 33 00 00 2B 5E
01 33 00 00 2B 5E
01 33 00 00 2A 5D
01 33 00 00 2A 5D
01 33 00 00 2B 5E
01 33 00 00 2B 5E
01 34 00 00 2B 5F
01 34 00 00 2B 5F
01 34 00 00 2A 5E
01 34 00 00 2A 5E
01 34 00 00 2A 5E
01 34 00 00 2A 5E
01 34 00 00 2A 5E
01 34 00 00 2A 5E
01 34 00 00 2A 5E
01 34 00 00 2A 5E
01 34 00 00 2A 5E
01 34 00 00 2A 5E
01 34 00 00 2B 5F
01 34 00 00 2B 5F
01 34 00 00 2A 5E
01 34 00 00 2A 5E
01 34 00 00 2A 5E
01 34 00 00 2A 5E
01 34 00 00 2A 5E
01 34 00 00 2A 5E
01 34 00 00 2A 5E
01 34 00 00 2A 5E
01 33 00 00 2B 5E
01 33 00 00 2B 5E
01 32 00 00 2A 5C
01 33 00 00 2A 5D
01 33 00 00 2B 5E
01 34 00 00 2B 5F
01 34 00 00 2A 5E
01 35 00 00 2A 5F
01 35 00 00 2A 5F
01 35 00 00 2A 5F
01 35 00 00 2B 60
01 34 00 00 2B 5F
01 34 00 00 2A 5E
01 33 00 00 2A 5D
01 33 00 00 2B 5E
01 33 00 00 2B 5E
01 33 00 00 2B 5E
01 33 00 00 2B 5E
01 33 00 00 2B 5E
01 33 00 00 2A 5D
01 33 00 00 2A 5D
01 34 00 00 2A 5E
01 34 00 00 2A 5E
01 35 00 00 2A 5F
01 36 00 00 2A 60
01 37 00 00 2B 62
01 37 00 00 2B 62
01 37 00 00 2A 61
01 37 00 00 2A 61
01 37 00 00 2B 62
01 38 00 00 2B 63
01 38 00 00 2B 63
01 39 00 00 2B 64
01 39 00 00 2B 64
01 38 00 00 2B 63
01 38 00 00 2B 63
01 38 00 00 2B 63
01 38 00 00 2A 62
01 38 00 00 2A 62
01 39 00 00 2B 64
01 39 00 00 2B 64
01 39 00 00 2B 64
01 39 00 00 2B 64
01 38 00 00 2B 63
01 39 00 00 2B 64
01 39 00 00 2B 64
01 39 00 00 2B 64
01 39 00 00 2B 64
01 3A 00 00 2B 65
01 3A 00 00 2B 65
01 3A 00 00 2B 65
01 3A 00 00 2B 65
01 3A 00 00 2B 65
01 39 00 00 2A 63
01 39 00 00 2A 63
01 3A 00 00 2B 65
01 3A 00 00 2B 65
01 3B 00 00 2B 66
01 3B 00 00 2B 66
01 3B 00 00 2B 66
01 3A 00 00 2B 65
01 3A 00 00 2A 64
01 3A 00 00 2A 64
01 3A 00 00 2B 65
01 3A 00 00 2B 65
01 3A 00 00 2B 65
01 39 00 00 2B 64
01 39 00 00 2A 63
01 39 00 00 2A 63
01 38 00 00 2B 63
01 38 00 00 2B 63
01 37 00 00 2B 62
01 37 00 00 2B 62
01 38 00 00 2B 63
01 38 00 00 2B 63
01 39 00 00 2B 64
01 39 00 00 2B 64
01 39 00 00 2B 64
01 39 00 00 2B 64
01 39 00 00 2B 64
01 39 00 00 2B 64
01 39 00 00 2B 64
01 3A 00 00 2B 65
01 3A 00 00 2B 65
01 39 00 00 2B 64
01 38 00 00 2B 63
01 37 00 00 2B 62
01 37 00 00 2B 62
01 38 00 00 2B 63
01 38 00 00 2B 63
01 38 00 00 2B 63
01 38 00 00 2B 63
01 38 00 00 2B 63
01 38 00 00 2B 63
01 38 00 00 2B 63
01 38 00 00 2B 63
01 38 00 00 2B 63
01 38 00 00 2B 63
01 38 00 00 2B 63
01 38 00 00 2B 63
01 37 00 00 2B 62
01 37 00 00 2B 62
01 37 00 00 2B 62
01 38 00 00 2B 63
01 38 00 00 2B 63
01 38 00 00 2B 63
01 38 00 00 2B 63
01 39 00 00 2B 64
01 39 00 00 2B 64
01 38 00 00 2B 63
01 38 00 00 2B 63
01 38 00 00 2B 63
01 38 00 00 2B 63
01 39 00 00 2B 64
01 39 00 00 2B 64
01 3A 00 00 2B 65
01 3A 00 00 2B 65
01 3A 00 00 2B 65
01 3A 00 00 2B 65
01 3A 00 00 2B 65
01 39 00 00 2B 64
01 39 00 00 2B 64
01 38 00 00 2B 63
01 38 00 00 2B 63
01 38 00 00 2B 63
01 38 00 00 2B 63
01 39 00 00 2B 64
01 39 00 00 2B 64
01 3A 00 00 2B 65
01 3A 00 00 2B 65
01 3A 00 00 2B 65
01 3A 00 00 2B 65
01 3A 00 00 2B 65
01 3B 00 00 2B 66
01 3A 00 00 2B 65
01 3A 00 00 2B 65
01 3A 00 00 2B 65
01 3A 00 00 2B 65
01 3B 00 00 2B 66
01 3B 00 00 2B 66
01 3B 00 00 2B 66
01 3B 00 00 2B 66
01 3B 00 00 2B 66
01 3B 00 00 2B 66
01 3B 00 00 2B 66
01 3B 00 00 2B 66
01 3A 02 00 2B 67
01 3A 00 00 2B 65
01 39 01 00 2B 65
01 39 02 00 2B 66
01 39 01 00 2B 65
01 38 02 00 2B 65
01 38 01 00 2B 64
01 38 01 00 2B 64
01 38 01 00 2B 64
01 38 01 00 2B 64
01 38 02 00 2B 65
01 39 01 00 2B 65
01 39 01 00 2B 65
01 39 01 00 2B 65
01 39 02 00 2B 66
01 39 01 00 2B 65
01 39 01 00 2B 65
01 39 02 00 2B 66
01 39 01 00 2B 65
01 39 01 00 2B 65
01 39 01 00 2B 65
01 3A 02 00 2B 67
01 3A 01 00 2B 66
01 3A 01 00 2B 66
01 3A 01 00 2B 66
01 39 01 00 2B 65
01 39 02 00 2B 66
01 39 01 00 2B 65
01 3A 01 00 2B 66
01 3A 01 00 2B 66
01 3A 01 00 2B 66
01 3A 01 00 2B 66
01 3A 02 00 2B 67
01 3A 01 00 2B 66
01 3A 01 00 2B 66
01 3A 01 00 2B 66
01 3A 01 00 2B 66
01 3A 01 00 2B 66
01 3A 01 00 2B 66
01 3A 02 00 2B 67
01 3A 01 00 2B 66
01 3A 01 00 2B 66
01 39 01 00 2B 65
01 39 01 00 2B 65
01 39 01 00 2B 65
01 38 01 00 2B 64
01 38 01 00 2B 64
01 38 02 00 2B 65
01 38 01 00 2B 64
01 38 01 00 2B 64
01 38 01 00 2B 64
01 38 01 00 2B 64
01 38 01 00 2B 64
01 38 01 00 2B 64
01 37 01 00 2B 63
01 37 01 00 2B 63
01 38 01 00 2B 64
01 38 01 00 2B 64
01 38 01 00 2B 64
01 38 01 00 2B 64
01 38 02 00 2B 65
01 38 01 00 2B 64
01 38 01 00 2B 64
01 38 01 00 2B 64
01 38 01 00 2B 64
01 38 01 00 2B 64
01 38 01 00 2B 64
01 38 01 00 2B 64
01 37 01 00 2B 63
01 37 02 00 2B 64
01 37 01 00 2B 63
01 37 01 00 2B 63
01 37 02 00 2B 64
01 37 01 00 2B 63
01 38 01 00 2B 64
01 38 02 00 2B 65
01 39 02 00 2B 66
01 38 01 00 2B 64
01 38 02 00 2B 65
01 38 02 00 2B 65
01 38 02 00 2B 65
01 38 02 00 2B 65
01 37 03 00 2B 65
01 37 02 00 2B 64
01 37 02 00 2B 64
01 37 02 00 2B 64
01 37 02 00 2B 64
01 37 02 00 2B 64
01 37 02 00 2B 64
01 37 02 00 2B 64
01 37 02 00 2B 64
01 36 02 00 2B 63
01 36 02 00 2B 63
01 37 02 00 2B 64
01 37 03 00 2B 65
01 37 02 00 2B 64
01 37 02 00 2B 64
01 37 02 00 2B 64
01 37 02 00 2B 64
01 37 02 00 2B 64
01 37 02 00 2B 64
01 37 02 00 2B 64
01 38 02 00 2B 65
01 38 02 00 2B 65
01 39 02 00 2B 66
01 39 02 00 2B 66
01 39 02 00 2B 66
01 39 03 00 2B 67
01 3A 02 00 2B 67
01 3A 02 00 2B 67
01 3A 02 00 2B 67
01 3A 02 00 2B 67
01 39 03 00 2B 67
01 39 02 00 2B 66
01 3A 02 00 2B 67
01 3A 02 00 2B 67
01 3A 03 00 2B 68
01 3A 02 00 2B 67
01 3A 02 00 2B 67
01 3A 02 00 2B 67
01 39 02 00 2B 66
01 39 02 00 2B 66
01 39 03 00 2B 67
01 39 02 00 2B 66
01 39 02 00 2B 66
01 39 02 00 2B 66
01 39 02 00 2B 66
01 3A 02 00 2B 67
01 3A 02 00 2B 67
01 3A 02 00 2B 67
01 3A 03 00 2B 68
01 3A 02 00 2B 67
01 3A 02 00 2B 67
01 3A 02 00 2B 67
01 39 02 00 2B 66
01 39 02 00 2B 66
01 39 02 00 2B 66
01 39 02 00 2B 66
01 39 03 00 2B 67
01 39 02 00 2B 66
01 39 02 00 2B 66
01 39 02 00 2B 66
01 39 02 00 2B 66
01 39 02 00 2B 66
01 38 02 00 2B 65
01 38 03 00 2B 66
01 38 02 00 2B 65
01 38 02 00 2B 65
01 38 02 00 2B 65
01 38 02 00 2B 65
01 39 02 00 2B 66
01 39 02 00 2B 66
01 3A 02 00 2B 67
01 3A 03 00 2B 68
01 39 02 00 2B 66
01 39 02 00 2B 66
01 39 02 00 2B 66
01 39 02 00 2B 66
01 39 02 00 2B 66
01 39 02 00 2B 66
01 39 03 00 2B 67
01 39 02 00 2B 66
01 39 02 00 2B 66
01 3A 02 00 2B 67
01 39 02 00 2B 66
01 39 02 00 2B 66
01 39 03 00 2B 67
01 39 02 00 2B 66
01 3A 02 00 2B 67
01 3A 02 00 2B 67
01 3B 02 00 2B 68
01 3B 03 00 2B 69
01 3B 02 00 2B 68
01 3B 02 00 2B 68
01 3B 02 00 2B 68
01 3B 02 00 2B 68
01 3A 03 00 2B 68
01 3A 02 00 2B 67
01 3A 02 00 2B 67
01 3A 02 00 2B 67
01 3A 02 00 2B 67
01 3A 03 00 2B 68
01 3A 02 00 2B 67
01 3A 02 00 2B 67
01 3A 02 00 2B 67
01 3A 02 00 2B 67
01 3A 02 00 2B 67
01 3A 03 00 2B 68
01 3A 02 00 2B 67
01 3A 02 00 2B 67
01 3A 02 00 2B 67
01 39 02 00 2B 66
01 3A 03 00 2B 68
01 3A 02 00 2B 67
01 3A 02 00 2B 67
01 3A 02 00 2B 67
01 3A 02 00 2B 67
01 3A 02 00 2B 67
01 3A 03 00 2B 68
01 3B 02 00 2B 68
01 3B 02 00 2B 68
01 3B 02 00 2B 68
01 3B 03 00 2B 69
01 3B 02 00 2B 68
01 3B 02 00 2B 68
01 3C 02 00 2B 69
01 3B 02 00 2B 68
01 3A 03 00 2B 68
01 39 02 00 2B 66
01 39 02 00 2B 66
01 39 02 00 2B 66
01 39 03 00 2B 67
01 3A 02 00 2B 67
01 3A 02 00 2B 67
01 3A 02 00 2B 67
01 3A 02 00 2B 67
01 3A 02 00 2B 67
01 3A 03 00 2B 68
01 3A 02 00 2B 67
01 3A 02 00 2B 67
01 3A 02 00 2B 67
01 3A 02 00 2B 67
01 3A 02 00 2B 67
01 3A 02 00 2B 67
01 3A 03 00 2B 68
01 3A 02 00 2B 67
01 3A 02 00 2B 67
01 3A 02 00 2B 67
01 39 02 00 2B 66
01 39 02 00 2B 66
01 39 02 00 2B 66
01 39 03 00 2B 67
01 39 02 00 2B 66
01 39 02 00 2B 66
01 39 02 00 2B 66
01 39 02 00 2B 66
01 39 03 00 2B 67
01 3A 02 00 2B 67
01 39 02 00 2B 66
01 39 02 00 2B 66
01 39 02 00 2B 66
01 39 02 00 2B 66
01 3A 02 00 2B 67
01 3A 03 00 2B 68
01 3B 02 00 2B 68
01 3B 02 00 2B 68
01 3A 02 00 2B 67
01 3A 02 00 2B 67
01 3A 03 00 2B 68
01 39 02 00 2B 66
01 39 02 00 2B 66
01 39 02 00 2B 66
01 39 02 00 2B 66
01 39 03 00 2B 67
01 3A 02 00 2B 67
01 3A 02 00 2B 67
01 3A 02 00 2B 67
01 3A 02 00 2B 67
01 3A 02 00 2B 67
01 3A 03 00 2B 68
01 3A 02 00 2B 67
01 39 02 00 2B 66
01 3A 02 00 2B 67
01 3A 02 00 2B 67
01 3A 02 00 2B 67
01 3B 02 00 2B 68
01 3A 03 00 2B 68
01 3A 02 00 2B 67
01 3A 02 00 2B 67
01 39 02 00 2B 66
01 39 02 00 2B 66
01 39 02 00 2B 66
01 39 02 00 2B 66
01 39 03 00 2B 67
01 39 02 00 2B 66
01 39 02 00 2B 66
01 39 02 00 2B 66
01 39 02 00 2B 66
01 39 02 00 2B 66
01 38 03 00 2B 66
01 38 02 00 2B 65
01 38 02 00 2B 65
01 38 02 00 2B 65
01 37 02 00 2B 64
01 38 02 00 2B 65
01 38 02 00 2B 65
01 38 02 00 2B 65
01 38 02 00 2B 65
01 38 02 00 2B 65
01 38 02 00 2B 65
01 38 03 00 2B 66
01 38 02 00 2B 65
01 39 02 00 2B 66
01 39 02 00 2B 66
01 39 02 00 2B 66
01 39 02 00 2B 66
01 39 03 00 2B 67
01 3A 02 00 2B 67
01 3A 02 00 2B 67
01 3A 02 00 2B 67
01 39 02 00 2B 66
01 39 02 00 2B 66
01 39 03 00 2B 67
01 39 02 00 2B 66
01 3A 02 00 2B 67
01 3A 02 00 2B 67
01 3B 02 00 2B 68
01 3B 03 00 2B 69
01 3C 02 00 2B 69
01 3C 02 00 2B 69
01 3C 02 00 2B 69
01 3C 03 00 2B 6A
01 3B 02 00 2B 68
01 3B 02 00 2B 68
01 3A 02 00 2B 67
01 3A 03 00 2B 68
01 39 02 00 2B 66
01 39 02 00 2B 66
01 38 02 00 2B 65
01 38 03 00 2B 66
01 38 02 00 2B 65
01 38 02 00 2B 65
01 38 02 00 2B 65
01 38 03 00 2B 66
01 38 02 00 2B 65
01 39 02 00 2B 66
01 39 02 00 2B 66
01 38 02 00 2B 65
01 38 03 00 2B 66
01 38 02 00 2B 65
01 38 02 00 2B 65
01 38 02 00 2B 65
01 38 02 00 2B 65
01 38 02 00 2B 65
01 38 02 00 2B 65
01 37 02 00 2B 64
01 37 02 00 2B 64
01 36 02 00 2B 63
01 36 02 00 2B 63
01 36 02 00 2B 63
01 36 02 00 2B 63
01 36 02 00 2B 63
01 37 02 00 2B 64
01 37 02 00 2B 64
01 37 02 00 2B 64
01 37 02 00 2B 64
01 37 02 00 2B 64
01 37 02 00 2B 64
01 37 02 00 2B 64
01 37 02 00 2B 64
01 36 02 00 2B 63
01 36 01 00 2B 62
01 36 02 00 2B 63
01 37 02 00 2B 64
01 37 03 00 2B 65
01 37 02 00 2B 64
01 37 02 00 2B 64
01 37 02 00 2B 64
01 37 02 00 2B 64
01 38 02 00 2B 65
01 38 02 00 2B 65
01 38 02 00 2B 65
01 38 03 00 2B 66
01 38 02 00 2B 65
01 38 02 00 2B 65
01 38 02 00 2B 65
01 39 02 00 2B 66
01 39 02 00 2B 66
01 39 03 00 2B 67
01 39 02 00 2B 66
01 39 02 00 2B 66
01 39 02 00 2B 66
01 3A 02 00 2B 67
01 3A 02 00 2B 67
01 3A 02 00 2B 67
01 3A 03 00 2B 68
01 3A 02 00 2B 67
01 3A 02 00 2B 67
01 39 02 00 2B 66
01 39 02 00 2B 66
01 38 02 00 2B 65
01 38 02 00 2B 65
01 38 02 00 2B 65
01 39 02 00 2B 66
01 39 02 00 2B 66
01 39 03 00 2B 67
01 38 02 00 2B 65
01 38 02 00 2B 65
01 38 02 00 2B 65
01 38 02 00 2B 65
01 38 02 00 2B 65
01 38 02 00 2B 65
01 39 02 00 2B 66
01 39 03 00 2B 67
01 39 02 00 2B 66
01 39 02 00 2B 66
01 39 02 00 2B 66
01 39 02 00 2B 66
01 39 02 00 2B 66
01 39 02 00 2B 66
01 39 03 00 2B 67
01 39 02 00 2B 66
01 39 02 00 2B 66
01 39 02 00 2B 66
01 39 02 00 2B 66
01 38 02 00 2B 65
01 38 02 00 2B 65
01 38 03 00 2B 66
01 39 02 00 2B 66
01 39 02 00 2B 66
01 39 02 00 2B 66
01 39 02 00 2B 66
01 39 02 00 2B 66
01 38 02 00 2B 65
01 38 02 00 2B 65
01 38 03 00 2B 66
01 38 02 00 2B 65
01 38 02 00 2B 65
01 38 02 00 2B 65
01 38 02 00 2B 65
01 38 02 00 2B 65
01 38 02 00 2B 65
01 38 02 00 2B 65
01 38 02 00 2B 65
01 38 02 00 2B 65
01 38 03 00 2B 66
01 38 02 00 2B 65
01 38 02 00 2B 65
01 38 02 00 2B 65
01 38 02 00 2B 65
01 38 02 00 2B 65
01 38 02 00 2B 65
01 38 02 00 2B 65
01 38 03 00 2B 66
01 39 02 00 2B 66
01 39 02 00 2B 66
01 39 02 00 2B 66
01 39 02 00 2B 66
01 39 02 00 2B 66
01 39 02 00 2B 66
01 3A 03 00 2B 68
01 3A 02 00 2B 67
01 3A 02 00 2B 67
01 3A 02 00 2B 67
01 39 02 00 2B 66
01 38 02 00 2B 65
01 38 02 00 2B 65
01 39 03 00 2B 67
01 39 02 00 2B 66
01 3A 02 00 2B 67
01 3A 02 00 2B 67
01 3A 02 00 2B 67
01 39 02 00 2B 66
01 39 02 00 2B 66
01 3A 03 00 2B 68
01 3B 02 00 2B 68
01 3B 02 00 2B 68
01 3B 02 00 2B 68
01 3B 03 00 2B 69
01 3B 02 00 2B 68
01 3B 02 00 2B 68
01 3B 02 00 2B 68
01 3B 02 00 2B 68
01 3B 03 00 2B 69
01 3B 02 00 2B 68
01 3A 02 00 2B 67
01 3A 02 00 2B 67
01 39 03 00 2B 67
01 39 02 00 2B 66
01 39 02 00 2B 66
01 39 02 00 2B 66
01 38 02 00 2B 65
01 38 03 00 2B 66
01 37 02 00 2B 64
01 37 02 00 2B 64
01 37 02 00 2B 64
01 36 02 00 2B 63
01 36 02 00 2B 63
01 37 02 00 2B 64
01 37 03 00 2B 65
01 38 02 00 2B 65
01 39 02 00 2B 66
01 39 02 00 2B 66
01 38 02 00 2B 65
01 38 02 00 2B 65
01 37 02 00 2B 64
01 37 02 00 2B 64
01 38 02 00 2B 65
01 38 02 00 2B 65
01 38 02 00 2B 65
01 37 02 00 2B 64
01 37 02 00 2B 64
01 37 02 00 2B 64
01 37 02 00 2B 64
01 37 02 00 2B 64
01 37 02 00 2B 64
01 37 02 00 2B 64
01 37 02 00 2B 64
01 37 02 00 2B 64
01 37 02 00 2B 64
01 37 02 00 2B 64
01 37 02 00 2B 64
01 37 02 00 2B 64
01 37 02 00 2B 64
01 37 02 00 2B 64
01 38 02 00 2B 65
01 38 02 00 2B 65
01 38 02 00 2B 65
01 38 02 00 2B 65
01 38 02 00 2B 65
01 38 02 00 2B 65
01 38 02 00 2B 65
01 38 02 00 2B 65
01 38 02 00 2B 65
01 38 02 00 2B 65
01 38 02 00 2B 65
01 39 02 00 2B 66
01 3A 02 00 2B 67
01 3A 02 00 2B 67
01 3A 02 00 2B 67
01 39 02 00 2B 66
01 38 02 00 2B 65
01 38 02 00 2B 65
01 37 02 00 2B 64
01 37 02 00 2B 64
01 37 02 00 2B 64
01 37 02 00 2B 64
01 37 02 00 2B 64
01 37 02 00 2B 64
01 37 02 00 2B 64
01 37 02 00 2B 64
01 37 02 00 2B 64
01 37 02 00 2B 64
01 37 02 00 2B 64
01 37 02 00 2B 64
01 37 02 00 2B 64
01 37 02 00 2B 64
01 37 02 00 2B 64
01 37 02 00 2B 64
01 38 02 00 2B 65
01 38 01 00 2B 64
01 38 02 00 2B 65
01 39 02 00 2B 66
01 39 02 00 2B 66
01 39 02 00 2B 66
01 39 02 00 2B 66
01 39 02 00 2B 66
01 39 02 00 2B 66
01 39 02 00 2B 66
01 39 02 00 2B 66
01 39 02 00 2B 66
01 39 02 00 2B 66
01 39 02 00 2B 66
01 39 02 00 2B 66
01 38 02 00 2B 65
01 38 02 00 2B 65
01 38 02 00 2B 65
01 38 02 00 2B 65
01 38 02 00 2B 65
01 37 02 00 2B 64
01 37 03 00 2B 65
01 36 01 00 2B 62
01 36 02 00 2B 63
01 36 02 00 2B 63
01 37 02 00 2B 64
01 37 02 00 2B 64
01 38 02 00 2B 65
01 37 02 00 2B 64
01 37 02 00 2B 64
01 37 02 00 2B 64
01 37 02 00 2B 64
01 37 02 00 2B 64
01 37 02 00 2B 64
01 37 02 00 2B 64
01 37 02 00 2B 64
01 37 02 00 2B 64
01 37 02 00 2B 64
01 37 02 00 2B 64
01 37 02 00 2B 64
01 37 02 00 2B 64
01 37 02 00 2B 64
01 37 02 00 2B 64
01 37 02 00 2B 64
01 37 02 00 2B 64
01 37 02 00 2B 64
01 37 02 00 2B 64
01 38 02 00 2B 65
01 38 02 00 2B 65
01 38 02 00 2B 65
01 38 02 00 2B 65
01 37 02 00 2B 64
01 37 02 00 2B 64
01 37 02 00 2B 64
01 36 02 00 2B 63
01 36 02 00 2B 63
01 36 02 00 2B 63
01 36 02 00 2B 63
01 36 02 00 2B 63
01 36 02 00 2B 63
01 36 02 00 2B 63
01 37 02 00 2B 64
01 37 02 00 2B 64
01 37 02 00 2B 64
01 37 02 00 2B 64
01 37 02 00 2B 64
01 37 02 00 2B 64
01 36 02 00 2B 63
01 36 01 00 2B 62
01 36 02 00 2B 63
01 36 02 00 2B 63
01 36 02 00 2B 63
01 36 02 00 2B 63
01 36 02 00 2B 63
01 36 02 00 2B 63
01 36 02 00 2B 63
01 36 02 00 2B 63
01 35 02 00 2B 62
01 35 02 00 2B 62
01 35 01 00 2B 61
01 35 02 00 2B 62
01 36 02 00 2B 63
01 37 02 00 2B 64
01 37 02 00 2B 64
01 37 02 00 2B 64
01 37 02 00 2B 64
01 37 01 00 2B 63
01 37 03 00 2B 65
01 37 02 00 2B 64
01 36 01 00 2B 62
01 36 02 00 2B 63
01 36 02 00 2B 63
01 36 02 00 2B 63
01 36 02 00 2B 63
01 36 02 00 2B 63
01 37 02 00 2B 64
01 37 02 00 2B 64
01 38 02 00 2B 65
01 38 02 00 2B 65
01 37 02 00 2B 64
01 37 02 00 2B 64
01 37 01 00 2B 63
01 37 02 00 2B 64
01 37 02 00 2B 64
01 37 02 00 2B 64
01 38 02 00 2B 65
01 37 02 00 2B 64
01 37 02 00 2B 64
01 36 01 00 2B 62
01 36 02 00 2B 63
01 37 02 00 2B 64
01 37 02 00 2B 64
01 38 02 00 2B 65
01 38 01 00 2B 64
01 37 02 00 2B 64
01 37 02 00 2B 64
01 36 02 00 2B 63
01 36 01 00 2B 62
01 36 02 00 2B 63
01 37 02 00 2B 64
01 37 02 00 2B 64
01 37 01 00 2B 63
01 38 02 00 2B 65
01 38 02 00 2B 65
01 38 01 00 2B 64
01 38 02 00 2B 65
01 38 02 00 2B 65
01 39 02 00 2B 66
01 39 01 00 2B 65
01 39 02 00 2B 66
01 3A 02 00 2B 67
01 3A 01 00 2B 66
01 3A 02 00 2B 67
01 3B 02 00 2B 68
01 3B 01 00 2B 67
01 3A 02 00 2B 67
01 3A 02 00 2B 67
01 39 01 00 2B 65
01 38 02 00 2B 65
01 38 02 00 2B 65
01 38 02 00 2B 65
01 38 02 00 2B 65
01 37 03 00 2B 65
01 37 02 00 2B 64
01 36 03 00 2B 64
01 35 03 00 2B 63
01 34 03 00 2B 62
01 33 03 00 2B 61
01 33 03 00 2B 61
01 32 03 00 2B 60
01 33 03 00 2B 61
01 34 03 00 2B 62
01 35 03 00 2B 63
01 36 03 00 2B 64
01 36 03 00 2B 64
01 36 03 00 2B 64
01 36 03 00 2B 64
01 35 03 00 2B 63
01 36 04 00 2B 65
01 36 03 00 2B 64
01 36 03 00 2B 64
01 36 03 00 2B 64
01 36 03 00 2B 64
01 35 03 00 2B 63
01 35 03 00 2B 63
01 35 03 00 2B 63
01 36 04 00 2B 65
01 36 03 00 2B 64
01 37 03 00 2B 65
01 37 03 00 2B 65
01 37 03 00 2B 65
01 37 03 00 2B 65
01 37 03 00 2B 65
01 36 04 00 2B 65
01 36 03 00 2B 64
01 35 03 00 2B 63
01 35 03 00 2B 63
01 35 03 00 2B 63
01 35 03 00 2B 63
01 36 03 00 2B 64
01 36 03 00 2B 64
01 36 04 00 2B 65
01 36 03 00 2B 64
01 36 03 00 2B 64
01 36 03 00 2B 64
01 36 03 00 2B 64
01 37 03 00 2B 65
01 37 03 00 2B 65
01 37 04 00 2B 66
01 38 03 00 2B 66
01 38 03 00 2B 66
01 38 03 00 2B 66
01 38 04 00 2B 67
01 38 03 00 2B 66
01 38 03 00 2B 66
01 38 03 00 2B 66
01 39 04 00 2B 68
01 39 03 00 2B 67
01 39 03 00 2B 67
01 39 04 00 2B 68
01 39 03 00 2B 67
01 39 03 00 2B 67
01 39 03 00 2B 67
01 39 04 00 2B 68
01 39 03 00 2B 67
01 3A 03 00 2B 68
01 3A 04 00 2B 69
01 3A 03 00 2B 68
01 3A 03 00 2B 68
01 3A 04 00 2B 69
01 3A 03 00 2B 68
01 3A 04 00 2B 69
01 3A 03 00 2B 68
01 3A 03 00 2B 68
01 39 04 00 2B 68
01 38 03 00 2B 66
01 38 03 00 2B 66
01 38 04 00 2B 67
01 39 03 00 2B 67
01 39 03 00 2B 67
01 39 04 00 2B 68
01 39 03 00 2B 67
01 39 03 00 2B 67
01 39 04 00 2B 68
01 38 03 00 2B 66
01 38 03 00 2B 66
01 38 04 00 2B 67
01 38 03 00 2B 66
01 38 03 00 2B 66
01 39 03 00 2B 67
01 39 04 00 2B 68
01 39 03 00 2B 67
01 38 03 00 2B 66
01 38 03 00 2B 66
01 38 03 00 2B 66
01 38 03 00 2B 66
01 38 04 00 2B 67
01 37 03 00 2B 65
01 38 03 00 2B 66
01 38 03 00 2B 66
01 39 03 00 2B 67
01 3A 04 00 2B 69
01 39 03 00 2B 67
01 38 03 00 2B 66
01 37 03 00 2B 65
01 37 04 00 2B 66
01 37 03 00 2B 65
01 36 03 00 2B 64
01 36 03 00 2B 64
01 36 04 00 2B 65
01 37 03 00 2B 65
01 37 03 00 2B 65
01 38 03 00 2B 66
01 38 04 00 2B 67
01 38 03 00 2B 66
01 38 03 00 2B 66
01 38 03 00 2B 66
01 38 03 00 2B 66
01 38 04 00 2B 67
01 37 03 00 2B 65
01 37 03 00 2B 65
01 37 03 00 2B 65
01 37 03 00 2B 65
01 37 03 00 2B 65
01 37 04 00 2B 66
01 37 03 00 2B 65
01 37 03 00 2B 65
01 37 03 00 2B 65
01 37 03 00 2B 65
01 37 03 00 2B 65
01 37 03 00 2B 65
01 37 04 00 2B 66
01 37 03 00 2B 65
01 36 03 00 2B 64
01 36 03 00 2B 64
01 36 03 00 2B 64
01 37 03 00 2B 65
01 37 04 00 2B 66
01 37 03 00 2B 65
01 37 03 00 2B 65
01 37 03 00 2B 65
01 37 03 00 2B 65
01 37 04 00 2B 66
01 38 03 00 2B 66
01 38 03 00 2B 66
01 39 03 00 2B 67
01 38 04 00 2B 67
01 38 03 00 2B 66
01 38 03 00 2B 66
01 37 03 00 2B 65
01 37 03 00 2B 65
01 38 04 00 2B 67
01 38 03 00 2B 66
01 38 03 00 2B 66
01 37 04 00 2B 66
01 36 03 00 2B 64
01 36 03 00 2B 64
01 36 03 00 2B 64
01 36 03 00 2B 64
01 37 04 00 2B 66
01 38 03 00 2B 66
01 38 03 00 2B 66
01 38 03 00 2B 66
01 38 03 00 2B 66
01 38 03 00 2B 66
01 38 04 00 2B 67
01 39 03 00 2B 67
01 39 03 00 2B 67
01 39 03 00 2B 67
01 38 04 00 2B 67
01 38 03 00 2B 66
01 37 03 00 2B 65
01 37 03 00 2B 65
01 37 04 00 2B 66
01 38 03 00 2B 66
01 38 03 00 2B 66
01 37 03 00 2B 65
01 37 04 00 2B 66
01 37 03 00 2B 65
01 37 03 00 2B 65
01 37 03 00 2B 65
01 38 03 00 2B 66
01 38 04 00 2B 67
01 38 03 00 2B 66
01 38 03 00 2B 66
01 38 03 00 2B 66
01 38 03 00 2B 66
01 38 04 00 2B 67
01 38 03 00 2B 66
01 37 03 00 2B 65
01 37 03 00 2B 65
01 37 04 00 2B 66
01 37 03 00 2B 65
01 37 03 00 2B 65
01 37 03 00 2B 65
01 37 03 00 2B 65
01 37 03 00 2B 65
01 37 04 00 2B 66
01 37 03 00 2B 65
01 37 03 00 2B 65
01 37 03 00 2B 65
01 37 03 00 2B 65
01 37 04 00 2B 66
01 37 03 00 2B 65
01 37 03 00 2B 65
01 36 03 00 2B 64
01 36 03 00 2B 64
01 36 03 00 2B 64
01 36 03 00 2B 64
01 36 04 00 2B 65
01 36 03 00 2B 64
01 36 03 00 2B 64
01 37 03 00 2B 65
01 37 03 00 2B 65
01 37 04 00 2B 66
01 38 03 00 2B 66
01 38 03 00 2B 66
01 37 03 00 2B 65
01 37 03 00 2B 65
01 36 03 00 2B 64
01 36 04 00 2B 65
01 36 03 00 2B 64
01 36 03 00 2B 64
01 36 03 00 2B 64
01 36 03 00 2B 64
01 36 03 00 2B 64
01 37 04 00 2B 66
01 37 03 00 2B 65
01 37 03 00 2B 65
01 37 03 00 2B 65
01 38 03 00 2B 66
01 37 04 00 2B 66
01 37 03 00 2B 65
01 37 03 00 2B 65
01 37 03 00 2B 65
01 37 03 00 2B 65
01 37 04 00 2B 66
01 38 03 00 2B 66
01 38 03 00 2B 66
01 38 03 00 2B 66
01 39 04 00 2B 68
01 39 03 00 2B 67
01 39 03 00 2B 67
01 38 04 00 2B 67
01 38 03 00 2B 66
01 38 03 00 2B 66
01 38 03 00 2B 66
01 38 04 00 2B 67
01 38 03 00 2B 66
01 38 03 00 2B 66
01 38 03 00 2B 66
01 38 04 00 2B 67
01 38 03 00 2B 66
01 38 03 00 2B 66
01 38 03 00 2B 66
01 37 03 00 2B 65
01 37 04 00 2B 66
01 37 03 00 2B 65
01 37 03 00 2B 65
01 37 03 00 2B 65
01 37 03 00 2B 65
01 38 04 00 2B 67
01 38 03 00 2B 66
01 38 03 00 2B 66
01 38 03 00 2B 66
01 37 03 00 2B 65
01 37 04 00 2B 66
01 36 03 00 2B 64
01 37 03 00 2B 65
01 37 03 00 2B 65
01 38 03 00 2B 66
01 38 04 00 2B 67
01 38 03 00 2B 66
01 37 03 00 2B 65
01 37 03 00 2B 65
01 37 03 00 2B 65
01 37 04 00 2B 66
01 37 03 00 2B 65
01 37 03 00 2B 65
01 37 03 00 2B 65
01 37 03 00 2B 65
01 37 03 00 2B 65
01 37 04 00 2B 66
01 37 03 00 2B 65
01 38 03 00 2B 66
01 39 03 00 2B 67
01 38 04 00 2B 67
01 38 03 00 2B 66
01 37 03 00 2B 65
01 37 03 00 2B 65
01 37 04 00 2B 66
01 38 03 00 2B 66
01 38 03 00 2B 66
01 38 03 00 2B 66
01 37 04 00 2B 66
01 37 03 00 2B 65
01 36 03 00 2B 64
01 36 03 00 2B 64
01 36 03 00 2B 64
01 37 03 00 2B 65
01 37 04 00 2B 66
01 37 03 00 2B 65
01 37 03 00 2B 65
01 36 03 00 2B 64
01 36 03 00 2B 64
01 36 03 00 2B 64
01 37 03 00 2B 65
01 37 04 00 2C 67
01 37 03 00 2C 66
01 37 03 00 2C 66
01 37 03 00 2B 65
01 37 03 00 2B 65
01 37 04 00 2C 67
01 37 03 00 2C 66
01 37 03 00 2C 66
01 37 03 00 2C 66
01 36 03 00 2C 65
01 36 03 00 2C 65
01 36 04 00 2B 65
01 36 03 00 2B 64
01 36 03 00 2B 64
01 36 03 00 2B 64
01 36 03 00 2C 65
01 37 04 00 2C 67
01 37 03 00 2B 65
01 37 03 00 2B 65
01 38 03 00 2B 66
01 37 03 00 2B 65
01 37 03 00 2B 65
01 36 03 00 2B 64
01 35 03 00 2B 63
01 36 03 00 2B 64
01 36 04 00 2B 65
01 36 03 00 2B 64
01 36 03 00 2B 64
01 36 03 00 2B 64
01 36 03 00 2B 64
01 35 03 00 2B 63
01 35 03 00 2B 63
01 35 03 00 2B 63
01 35 03 00 2C 64
01 35 03 00 2C 64
01 35 03 00 2B 63
01 35 03 00 2B 63
01 35 04 00 2B 64
01 34 03 00 2B 62
01 34 03 00 2C 63
01 34 03 00 2C 63
01 34 03 00 2C 63
01 34 03 00 2C 63
01 34 03 00 2C 63
01 35 03 00 2C 64
01 35 03 00 2B 63
01 35 03 00 2B 63
01 35 03 00 2C 64
01 34 03 00 2C 63
01 34 03 00 2C 63
01 34 03 00 2C 63
01 35 03 00 2C 64
01 35 03 00 2C 64
01 36 03 00 2C 65
01 36 03 00 2C 65
01 36 03 00 2C 65
01 35 04 00 2C 65
01 35 03 00 2C 64
01 35 03 00 2C 64
01 35 03 00 2C 64
01 35 03 00 2C 64
01 35 03 00 2C 64
01 35 03 00 2C 64
01 35 03 00 2C 64
01 35 04 00 2C 65
01 35 03 00 2C 64
01 35 03 00 2C 64
01 35 03 00 2C 64
01 35 03 00 2C 64
01 35 03 00 2C 64
01 36 04 00 2C 66
01 36 03 00 2C 65
01 36 03 00 2C 65
01 36 03 00 2C 65
01 37 03 00 2C 66
01 37 04 00 2C 67
01 39 03 00 2C 68
01 39 03 00 2C 68
01 38 03 00 2C 67
01 38 03 00 2C 67
01 38 03 00 2C 67
01 38 03 00 2C 67
01 39 04 00 2C 69
01 39 03 00 2C 68
01 39 03 00 2C 68
01 39 04 00 2C 69
01 37 04 00 2C 67
01 35 04 00 2C 65
01 34 04 00 2C 64
01 32 04 00 2C 62
01 31 04 00 2C 61
01 31 04 00 2C 61
01 32 05 00 2C 63
01 32 04 00 2C 62
01 32 04 00 2C 62
01 33 04 00 2C 63
01 33 04 00 2C 63
01 33 05 00 2C 64
01 34 04 00 2C 64
01 34 04 00 2C 64
01 34 04 00 2C 64
01 34 04 00 2C 64
01 34 05 00 2C 65
01 34 04 00 2C 64
01 34 04 00 2C 64
01 34 04 00 2C 64
01 34 05 00 2C 65
01 34 04 00 2C 64
01 34 04 00 2C 64
01 34 04 00 2C 64
01 34 05 00 2C 65
01 35 04 00 2C 65
01 35 04 00 2C 65
01 34 05 00 2C 65
01 34 04 00 2C 64
01 34 04 00 2C 64
01 33 04 00 2C 63
01 33 05 00 2C 64
01 33 04 00 2C 63
01 33 04 00 2C 63
01 33 05 00 2C 64
01 34 04 00 2C 64
01 34 04 00 2C 64
01 35 04 00 2C 65
01 35 04 00 2C 65
01 36 05 00 2C 67
01 36 04 00 2C 66
01 36 04 00 2C 66
01 35 05 00 2C 66
01 35 04 00 2C 65
01 34 04 00 2C 64
01 34 05 00 2C 65
01 34 04 00 2C 64
01 34 05 00 2C 65
01 35 04 00 2C 65
01 35 04 00 2C 65
01 35 05 00 2C 66
01 36 04 00 2C 66
01 36 04 00 2C 66
01 36 05 00 2C 67
01 36 04 00 2C 66
01 36 05 00 2C 67
01 36 04 00 2C 66
01 36 05 00 2C 67
01 36 04 00 2C 66
01 36 04 00 2C 66
01 36 05 00 2C 67
01 36 04 00 2C 66
01 36 05 00 2C 67
01 36 04 00 2C 66
01 36 05 00 2C 67
01 36 04 00 2C 66
01 36 05 00 2C 67
01 36 04 00 2C 66
01 36 05 00 2C 67
01 36 04 00 2C 66
01 37 05 00 2C 68
01 37 04 00 2C 67
01 37 04 00 2C 67
01 36 05 00 2C 67
01 36 04 00 2C 66
01 36 05 00 2C 67
01 36 04 00 2C 66
01 36 05 00 2C 67
01 36 04 00 2C 66
01 36 04 00 2C 66
01 36 05 00 2C 67
01 36 04 00 2C 66
01 36 04 00 2C 66
01 36 05 00 2C 67
01 36 05 00 2C 67
01 36 04 00 2C 66
01 37 04 00 2C 67
01 37 05 00 2C 68
01 36 04 00 2C 66
01 36 05 00 2C 67
01 36 04 00 2C 66
01 36 05 00 2C 67
01 37 04 00 2C 67
01 37 05 00 2C 68
01 37 04 00 2C 67
01 37 05 00 2C 68
01 37 04 00 2C 67
01 37 05 00 2C 68
01 37 04 00 2C 67
01 37 05 00 2C 68
01 37 04 00 2C 67
01 37 05 00 2C 68
01 37 04 00 2C 67
01 37 05 00 2C 68
01 37 04 00 2C 67
01 37 05 00 2C 68
01 37 04 00 2C 67
01 37 05 00 2C 68
01 37 04 00 2C 67
01 37 05 00 2C 68
01 37 04 00 2C 67
01 37 05 00 2C 68
01 37 04 00 2C 67
01 37 05 00 2C 68
01 37 04 00 2C 67
01 37 05 00 2C 68
01 37 04 00 2C 67
01 37 05 00 2C 68
01 36 04 00 2C 66
01 35 05 00 2C 66
01 35 04 00 2C 65
01 35 04 00 2C 65
01 35 05 00 2C 66
01 35 04 00 2C 65
01 35 05 00 2C 66
01 35 04 00 2C 65
01 35 04 00 2C 65
01 35 05 00 2C 66
01 36 04 00 2C 66
01 36 04 00 2C 66
01 36 05 00 2C 67
01 37 04 00 2C 67
01 37 04 00 2C 67
01 37 05 00 2C 68
01 36 04 00 2C 66
01 36 05 00 2C 67
01 36 04 00 2C 66
01 35 04 00 2C 65
01 35 05 00 2C 66
01 34 04 00 2C 64
01 34 04 00 2C 64
01 34 05 00 2C 65
01 34 04 00 2C 64
01 34 04 00 2C 64
01 34 05 00 2C 65
01 35 04 00 2C 65
01 36 04 00 2C 66
01 36 04 00 2C 66
01 36 05 00 2C 67
01 36 05 00 2C 67
01 36 04 00 2C 66
01 36 04 00 2C 66
01 36 05 00 2C 67
01 36 04 00 2C 66
01 36 05 00 2C 67
01 36 04 00 2C 66
01 36 05 00 2C 67
01 36 04 00 2C 66
01 36 05 00 2C 67
01 37 04 00 2C 67
01 37 05 00 2C 68
01 38 04 00 2C 68
01 38 05 00 2C 69
01 38 04 00 2C 68
01 37 05 00 2C 68
01 37 04 00 2C 67
01 38 05 00 2C 69
01 38 05 00 2C 69
01 39 04 00 2C 69
01 39 05 00 2C 6A
01 38 04 00 2C 68
01 38 05 00 2C 69
01 37 05 00 2C 68
01 37 04 00 2C 67
01 37 05 00 2C 68
01 37 05 00 2C 68
01 38 04 00 2C 68
01 37 05 00 2C 68
01 37 05 00 2C 68
01 37 04 00 2C 67
01 36 05 00 2C 67
01 37 04 00 2C 67
01 38 05 00 2C 69
01 38 04 00 2C 68
01 38 05 00 2C 69
01 38 04 00 2C 68
01 37 05 00 2C 68
01 36 04 00 2C 66
01 36 05 00 2C 67
01 37 04 00 2C 67
01 37 04 00 2C 67
01 37 05 00 2C 68
01 37 04 00 2C 67
01 36 05 00 2C 67
01 36 04 00 2C 66
01 36 04 00 2C 66
01 36 05 00 2D 68
01 36 04 00 2D 67
01 36 04 00 2C 66
01 36 05 00 2C 67
01 37 04 00 2C 67
01 37 04 00 2C 67
01 37 05 00 2D 69
01 37 04 00 2D 68
01 36 05 00 2C 67
01 36 04 00 2C 66
01 35 04 00 2D 66
01 36 05 00 2D 68
01 36 04 00 2D 67
01 36 05 00 2D 68
01 37 04 00 2D 68
01 37 05 00 2D 69
01 37 05 00 2D 69
01 38 04 00 2D 69
01 38 05 00 2D 6A
01 38 04 00 2D 69
01 38 05 00 2D 6A
01 38 04 00 2D 69
01 38 05 00 2C 69
01 38 05 00 2C 69
01 38 04 00 2D 69
01 38 05 00 2D 6A
01 38 04 00 2C 68
01 38 05 00 2C 69
01 38 04 00 2D 69
01 38 05 00 2D 6A
01 38 04 00 2D 69
01 38 05 00 2D 6A
01 38 04 00 2C 68
01 38 05 00 2C 69
01 38 05 00 2C 69
01 37 04 00 2C 67
01 37 05 00 2D 69
01 37 04 00 2D 68
01 37 05 00 2D 69
01 37 04 00 2D 68
01 38 05 00 2D 6A
01 38 05 00 2D 6A
01 38 04 00 2C 68
01 38 04 00 2C 68
01 37 05 00 2D 69
01 37 05 00 2D 69
01 36 04 00 2D 67
01 35 05 00 2D 67
01 35 04 00 2D 66
01 35 05 00 2D 67
01 34 04 00 2D 65
01 34 04 00 2D 65
01 35 05 00 2D 67
01 35 04 00 2D 66
01 36 05 00 2D 68
01 36 04 00 2D 67
01 36 05 00 2D 68
01 36 04 00 2D 67
01 35 04 00 2D 66
01 35 05 00 2D 67
01 35 04 00 2D 66
01 36 04 00 2D 67
01 36 05 00 2D 68
01 36 04 00 2D 67
01 36 04 00 2D 67
01 36 05 00 2D 68
01 36 04 00 2D 67
01 37 04 00 2D 68
01 37 05 00 2D 69
01 38 04 00 2D 69
01 38 05 00 2D 6A
01 37 04 00 2D 68
01 36 05 00 2D 68
01 36 04 00 2D 67
01 35 05 00 2D 67
01 36 04 00 2D 67
01 36 05 00 2D 68
01 36 04 00 2D 67
01 37 05 00 2D 69
01 37 05 00 2D 69
01 38 04 00 2D 69
01 38 05 00 2D 6A
01 38 04 00 2D 69
01 38 05 00 2D 6A
01 37 04 00 2D 68
01 37 05 00 2D 69
01 37 04 00 2D 68
01 38 04 00 2D 69
01 38 05 00 2D 6A
01 38 04 00 2D 69
01 38 05 00 2D 6A
01 37 04 00 2D 68
01 37 05 00 2D 69
01 37 04 00 2D 68
01 37 05 00 2D 69
01 37 04 00 2D 68
01 37 05 00 2D 69
01 37 04 00 2D 68
01 37 05 00 2D 69
01 36 04 00 2D 67
01 37 05 00 2D 69
01 38 05 00 2D 6A
01 38 04 00 2D 69
01 39 05 00 2D 6B
01 38 04 00 2D 69
01 37 05 00 2D 69
01 36 04 00 2D 67
01 36 05 00 2D 68
01 36 04 00 2D 67
01 37 05 00 2D 69
01 37 04 00 2D 68
01 37 05 00 2D 69
01 37 04 00 2D 68
01 37 05 00 2D 69
01 37 04 00 2D 68
01 37 05 00 2D 69
01 37 04 00 2D 68
01 37 05 00 2D 69
01 37 04 00 2D 68
01 36 05 00 2D 68
01 36 04 00 2D 67
01 36 04 00 2D 67
01 36 05 00 2D 68
01 36 04 00 2D 67
01 37 05 00 2D 69
01 38 04 00 2D 69
01 37 05 00 2D 69
01 37 04 00 2D 68
01 37 05 00 2D 69
01 36 04 00 2D 67
01 36 04 00 2D 67
01 36 05 00 2D 68
01 35 04 00 2D 66
01 35 05 00 2D 67
01 35 04 00 2D 66
01 35 05 00 2D 67
01 35 04 00 2D 66
01 35 05 00 2D 67
01 36 04 00 2D 67
01 36 05 00 2D 68
01 36 04 00 2D 67
01 36 05 00 2D 68
01 36 04 00 2D 67
01 35 05 00 2D 67
01 35 04 00 2D 66
01 35 05 00 2D 67
01 35 04 00 2D 66
01 35 04 00 2D 66
01 35 05 00 2D 67
01 35 04 00 2D 66
01 35 05 00 2D 67
01 35 04 00 2D 66
01 35 04 00 2D 66
01 35 05 00 2D 67
01 35 04 00 2D 66
01 35 04 00 2D 66
01 35 05 00 2D 67
01 35 04 00 2D 66
01 35 05 00 2D 67
01 35 04 00 2D 66
01 35 04 00 2D 66
01 35 04 00 2D 66
01 35 05 00 2D 67
01 35 04 00 2D 66
01 35 05 00 2D 67
01 34 05 00 2D 66
01 33 05 00 2D 65
01 31 05 00 2D 63
01 30 05 00 2D 62
01 30 05 00 2D 62
01 30 05 00 2D 62
01 31 05 00 2D 63
01 32 05 00 2D 64
01 32 06 00 2D 65
01 32 05 00 2D 64
01 32 05 00 2D 64
01 32 05 00 2D 64
01 32 05 00 2D 64
01 32 06 00 2D 65
01 32 05 00 2D 64
01 32 05 00 2D 64
01 33 05 00 2D 65
01 33 06 00 2D 66
01 33 05 00 2D 65
01 34 05 00 2D 66
01 34 06 00 2D 67
01 33 05 00 2D 65
01 33 05 00 2D 65
01 33 05 00 2D 65
01 33 06 00 2D 66
01 33 05 00 2D 65
01 34 06 00 2D 67
01 34 05 00 2D 66
01 34 06 00 2D 67
01 34 05 00 2D 66
01 34 05 00 2D 66
01 34 06 00 2D 67
01 34 05 00 2D 66
01 34 06 00 2D 67
01 35 05 00 2D 67
01 35 05 00 2D 67
01 34 06 00 2D 67
01 34 05 00 2D 66
01 34 06 00 2D 67
01 35 05 00 2D 67
01 35 06 00 2D 68
01 35 05 00 2D 67
01 35 06 00 2D 68
01 35 05 00 2D 67
01 35 06 00 2D 68
01 35 05 00 2D 67
01 35 06 00 2D 68
01 36 06 00 2D 69
01 36 05 00 2D 68
01 36 06 00 2D 69
01 36 05 00 2D 68
01 36 06 00 2D 69
01 36 06 00 2D 69
01 36 05 00 2D 68
01 36 06 00 2D 69
01 36 05 00 2D 68
01 36 06 00 2D 69
01 37 06 00 2D 6A
01 37 05 00 2D 69
01 37 06 00 2D 6A
01 37 06 00 2D 6A
01 37 05 00 2D 69
01 37 06 00 2D 6A
01 37 06 00 2D 6A
01 37 05 00 2D 69
01 37 06 00 2D 6A
01 36 06 00 2D 69
01 36 06 00 2D 69
01 36 05 00 2D 68
01 36 06 00 2D 69
01 37 06 00 2D 6A
01 37 05 00 2D 69
01 38 06 00 2D 6B
01 37 06 00 2D 6A
01 37 05 00 2D 69
01 36 06 00 2D 69
01 36 05 00 2D 68
01 36 06 00 2D 69
01 37 06 00 2D 6A
01 37 05 00 2D 69
01 37 06 00 2D 6A
01 37 06 00 2D 6A
01 37 05 00 2D 69
01 37 06 00 2D 6A
01 36 06 00 2D 69
01 36 05 00 2D 68
01 36 06 00 2D 69
01 36 06 00 2D 69
01 37 06 00 2D 6A
01 37 05 00 2D 69
01 37 06 00 2D 6A
01 37 06 00 2D 6A
01 37 05 00 2D 69
01 38 06 00 2D 6B
01 38 06 00 2D 6B
01 38 06 00 2D 6B
01 38 05 00 2D 6A
01 38 06 00 2D 6B
01 37 06 00 2D 6A
01 37 05 00 2D 69
01 36 06 00 2D 69
01 36 06 00 2D 69
01 36 05 00 2D 68
01 36 06 00 2D 69
01 37 06 00 2D 6A
01 37 05 00 2D 69
01 38 06 00 2D 6B
01 38 06 00 2D 6B
01 39 06 00 2D 6C
01 39 06 00 2D 6C
01 39 06 00 2D 6C
01 38 06 00 2D 6B
01 38 05 00 2D 6A
01 38 06 00 2D 6B
01 38 06 00 2D 6B
01 38 06 00 2D 6B
01 38 06 00 2D 6B
01 38 06 00 2D 6B
01 38 06 00 2D 6B
01 39 06 00 2D 6C
01 39 05 00 2D 6B
01 39 06 00 2D 6C
01 39 06 00 2D 6C
01 39 06 00 2D 6C
01 39 06 00 2D 6C
01 39 05 00 2D 6B
01 39 06 00 2D 6C
01 38 06 00 2D 6B
01 39 06 00 2D 6C
01 39 06 00 2D 6C
01 39 06 00 2D 6C
01 39 05 00 2D 6B
01 38 06 00 2D 6B
01 38 06 00 2D 6B
01 37 06 00 2D 6A
01 37 06 00 2D 6A
01 36 06 00 2D 69
01 36 06 00 2D 69
01 36 05 00 2D 68
01 36 06 00 2D 69
01 37 06 00 2D 6A
01 38 06 00 2D 6B
01 39 05 00 2D 6B
01 39 06 00 2D 6C
01 38 06 00 2D 6B
01 38 05 00 2D 6A
01 38 06 00 2D 6B
01 38 06 00 2D 6B
01 38 05 00 2D 6A
01 37 06 00 2D 6A
01 37 06 00 2D 6A
01 37 05 00 2D 69
01 37 06 00 2D 6A
01 37 05 00 2D 69
01 37 06 00 2D 6A
01 37 06 00 2D 6A
01 37 06 00 2D 6A
01 37 05 00 2D 69
01 37 06 00 2D 6A
01 36 06 00 2D 69
01 36 05 00 2D 68
01 36 06 00 2D 69
01 36 06 00 2D 69
01 36 05 00 2D 68
01 36 06 00 2D 69
01 36 06 00 2D 69
01 36 05 00 2D 68
01 36 06 00 2D 69
01 36 05 00 2D 68
01 36 06 00 2D 69
01 37 06 00 2D 6A
01 37 05 00 2D 69
01 38 06 00 2D 6B
01 37 05 00 2D 69
01 37 06 00 2D 6A
01 37 05 00 2D 69
01 37 06 00 2D 6A
01 37 06 00 2D 6A
01 37 06 00 2D 6A
01 37 05 00 2D 69
01 37 06 00 2D 6A
01 37 06 00 2D 6A
01 37 06 00 2D 6A
01 37 05 00 2D 69
01 37 06 00 2D 6A
01 37 06 00 2D 6A
01 37 06 00 2D 6A
01 36 05 00 2D 68
01 36 06 00 2D 69
01 36 06 00 2D 69
01 36 06 00 2D 69
01 36 05 00 2D 68
01 37 06 00 2D 6A
01 38 05 00 2D 6A
01 38 06 00 2D 6B
01 38 06 00 2D 6B
01 37 05 00 2D 69
01 37 06 00 2D 6A
01 37 06 00 2D 6A
01 37 05 00 2D 69
01 37 06 00 2D 6A
01 37 05 00 2D 69
01 38 06 00 2D 6B
01 38 06 00 2D 6B
01 37 06 00 2D 6A
01 37 05 00 2D 69
01 36 06 00 2D 69
01 35 06 00 2D 68
01 35 06 00 2D 68
01 34 05 00 2D 66
01 35 06 00 2D 68
01 35 06 00 2D 68
01 35 05 00 2D 67
01 36 06 00 2D 69
01 37 06 00 2D 6A
01 37 05 00 2D 69
01 38 05 00 2D 6A
01 38 06 00 2D 6B
01 38 06 00 2D 6B
01 38 05 00 2D 6A
01 38 06 00 2D 6B
01 37 05 00 2D 69
01 36 06 00 2D 69
01 35 05 00 2D 67
01 35 06 00 2D 68
01 35 06 00 2D 68
01 35 05 00 2D 67
01 35 06 00 2D 68
01 35 06 00 2D 68
01 36 05 00 2D 68
01 36 06 00 2D 69
01 36 06 00 2D 69
01 36 05 00 2D 68
01 36 06 00 2D 69
01 37 05 00 2D 69
01 37 06 00 2D 6A
01 37 05 00 2D 69
01 37 06 00 2D 6A
01 37 06 00 2D 6A
01 37 05 00 2D 69
01 36 06 00 2D 69
01 36 05 00 2D 68
01 35 06 00 2D 68
01 35 05 00 2D 67
01 35 06 00 2D 68
01 35 05 00 2D 67
01 35 06 00 2D 68
01 35 06 00 2D 68
01 34 05 00 2D 66
01 34 06 00 2D 67
01 34 05 00 2D 66
01 34 06 00 2D 67
01 35 05 00 2D 67
01 36 05 00 2D 68
01 36 06 00 2D 69
01 36 05 00 2D 68
01 36 06 00 2D 69
01 35 05 00 2D 67
01 35 06 00 2D 68
01 35 05 00 2D 67
01 36 05 00 2D 68
01 37 06 00 2D 6A
01 38 05 00 2D 6A
01 38 06 00 2D 6B
01 38 05 00 2D 6A
01 38 05 00 2D 6A
01 38 06 00 2D 6B
01 38 05 00 2D 6A
01 38 05 00 2D 6A
01 38 06 00 2D 6B
01 38 05 00 2D 6A
01 38 05 00 2D 6A
01 39 06 00 2D 6C
01 39 05 00 2D 6B
01 39 05 00 2D 6B
01 38 05 00 2D 6A
01 38 06 00 2D 6B
01 37 05 00 2D 69
01 37 05 00 2D 69
01 37 05 00 2D 69
01 37 06 00 2D 6A
01 36 06 00 2D 69
01 34 06 00 2D 67
01 32 05 00 2D 64
01 30 06 00 2D 63
01 2F 07 00 2D 63
01 2F 06 00 2D 62
01 30 06 00 2D 63
01 32 06 00 2D 65
01 33 06 00 2D 66
01 33 06 00 2D 66
01 33 06 00 2D 66
01 33 06 00 2D 66
01 33 06 00 2E 67
01 33 07 00 2E 68
01 33 06 00 2E 67
01 32 05 00 2E 65
01 32 07 00 2E 67
01 31 06 00 2E 65
01 32 06 00 2D 65
01 32 06 00 2D 65
01 32 06 00 2E 66
01 33 07 00 2E 68
01 33 06 00 2D 66
01 33 06 00 2D 66
01 33 06 00 2E 67
01 33 07 00 2E 68
01 33 06 00 2E 67
01 33 06 00 2E 67
01 33 06 00 2E 67
01 32 07 00 2E 67
01 32 06 00 2D 65
01 32 06 00 2D 65
01 33 06 00 2E 67
01 34 07 00 2E 69
01 34 06 00 2E 68
01 35 07 00 2E 6A
01 35 06 00 2E 69
01 34 06 00 2E 68
01 33 07 00 2E 68
01 33 06 00 2E 67
01 33 06 00 2E 67
01 33 07 00 2E 68
01 33 06 00 2E 67
01 34 06 00 2E 68
01 34 07 00 2E 69
01 34 06 00 2E 68
01 34 06 00 2E 68
01 34 06 00 2E 68
01 35 07 00 2E 6A
01 35 07 00 2E 6A
01 35 06 00 2E 69
01 34 06 00 2E 68
01 34 07 00 2E 69
01 34 06 00 2E 68
01 34 07 00 2E 69
01 34 06 00 2E 68
01 35 06 00 2E 69
01 35 07 00 2E 6A
01 35 06 00 2E 69
01 36 07 00 2E 6B
01 36 07 00 2E 6B
01 36 06 00 2E 6A
01 35 07 00 2E 6A
01 35 06 00 2E 69
01 35 07 00 2E 6A
01 35 06 00 2E 69
01 35 07 00 2E 6A
01 36 07 00 2E 6B
01 36 06 00 2E 6A
01 36 07 00 2E 6B
01 36 06 00 2E 6A
01 37 07 00 2E 6C
01 37 07 00 2E 6C
01 37 06 00 2E 6B
01 36 07 00 2E 6B
01 36 07 00 2E 6B
01 36 06 00 2E 6A
01 36 07 00 2E 6B
01 36 06 00 2E 6A
01 35 07 00 2E 6A
01 35 07 00 2E 6A
01 35 06 00 2E 69
01 34 07 00 2E 69
01 34 06 00 2E 68
01 34 07 00 2E 69
01 35 06 00 2E 69
01 35 07 00 2E 6A
01 35 06 00 2E 69
01 36 07 00 2E 6B
01 36 06 00 2E 6A
01 36 07 00 2E 6B
01 36 06 00 2E 6A
01 36 07 00 2E 6B
01 36 06 00 2E 6A
01 37 07 00 2E 6C
01 37 07 00 2E 6C
01 36 06 00 2E 6A
01 36 07 00 2E 6B
01 35 07 00 2E 6A
01 35 06 00 2E 69
01 35 07 00 2E 6A
01 35 07 00 2E 6A
01 35 06 00 2E 69
01 35 07 00 2E 6A
01 35 07 00 2E 6A
01 36 06 00 2E 6A
01 36 07 00 2E 6B
01 37 07 00 2E 6C
01 38 06 00 2E 6C
01 38 07 00 2E 6D
01 38 06 00 2E 6C
01 38 07 00 2E 6D
01 38 07 00 2E 6D
01 37 06 00 2E 6B
01 37 07 00 2E 6C
01 36 06 00 2E 6A
01 35 07 00 2E 6A
01 35 07 00 2E 6A
01 35 07 00 2E 6A
01 35 06 00 2E 69
01 35 07 00 2E 6A
01 36 07 00 2E 6B
01 36 07 00 2E 6B
01 37 06 00 2E 6B
01 37 07 00 2E 6C
01 37 07 00 2E 6C
01 38 06 00 2E 6C
01 38 07 00 2E 6D
01 38 06 00 2E 6C
01 38 07 00 2E 6D
01 37 07 00 2E 6C
01 37 06 00 2E 6B
01 37 07 00 2E 6C
01 37 07 00 2E 6C
01 36 06 00 2E 6A
01 36 07 00 2E 6B
01 35 07 00 2E 6A
01 35 07 00 2E 6A
01 36 06 00 2E 6A
01 36 07 00 2E 6B
01 36 07 00 2E 6B
01 36 06 00 2E 6A
01 36 07 00 2E 6B
01 36 07 00 2E 6B
01 37 06 00 2E 6B
01 38 07 00 2E 6D
01 38 06 00 2E 6C
01 38 07 00 2E 6D
01 37 07 00 2E 6C
01 37 06 00 2E 6B
01 37 07 00 2E 6C
01 37 07 00 2E 6C
01 37 07 00 2E 6C
01 37 06 00 2E 6B
01 37 07 00 2E 6C
01 37 07 00 2E 6C
01 37 07 00 2E 6C
01 37 07 00 2E 6C
01 37 06 00 2E 6B
01 37 07 00 2E 6C
01 36 07 00 2E 6B
01 36 07 00 2E 6B
01 36 06 00 2E 6A
01 36 07 00 2E 6B
01 36 07 00 2E 6B
01 36 06 00 2E 6A
01 36 07 00 2E 6B
01 37 07 00 2E 6C
01 37 06 00 2E 6B
01 37 07 00 2E 6C
01 36 07 00 2E 6B
01 36 06 00 2E 6A
01 36 07 00 2E 6B
01 36 06 00 2E 6A
01 36 07 00 2E 6B
01 36 06 00 2E 6A
01 36 07 00 2E 6B
01 36 06 00 2E 6A
01 37 07 00 2E 6C
01 37 07 00 2E 6C
01 37 07 00 2E 6C
01 37 06 00 2E 6B
01 36 07 00 2E 6B
01 35 06 00 2E 69
01 35 07 00 2E 6A
01 35 07 00 2E 6A
01 36 06 00 2E 6A
01 36 07 00 2E 6B
01 36 07 00 2E 6B
01 36 07 00 2E 6B
01 37 06 00 2E 6B
01 37 07 00 2E 6C
01 38 07 00 2E 6D
01 38 06 00 2E 6C
01 39 07 00 2E 6E
01 38 07 00 2E 6D
01 37 07 00 2E 6C
01 37 06 00 2E 6B
01 36 07 00 2E 6B
01 35 07 00 2E 6A
01 35 06 00 2E 69
01 35 07 00 2E 6A
01 35 07 00 2E 6A
01 36 06 00 2E 6A
01 36 07 00 2E 6B
01 37 07 00 2E 6C
01 37 06 00 2E 6B
01 37 07 00 2E 6C
01 37 06 00 2E 6B
01 38 07 00 2E 6D
01 37 07 00 2E 6C
01 37 07 00 2E 6C
01 36 06 00 2E 6A
01 36 06 00 2E 6A
01 35 07 00 2E 6A
01 35 07 00 2E 6A
01 35 06 00 2E 69
01 35 07 00 2E 6A
01 35 07 00 2E 6A
01 35 06 00 2E 69
01 35 07 00 2E 6A
01 35 06 00 2E 69
01 35 07 00 2E 6A
01 35 06 00 2E 69
01 35 07 00 2E 6A
01 36 06 00 2E 6A
01 36 07 00 2E 6B
01 37 06 00 2E 6B
01 37 07 00 2E 6C
01 38 07 00 2E 6D
01 37 07 00 2E 6C
01 36 06 00 2E 6A
01 35 06 00 2E 69
01 35 07 00 2E 6A
01 35 07 00 2E 6A
01 35 07 00 2E 6A
01 35 06 00 2E 69
01 36 07 00 2E 6B
01 36 07 00 2E 6B
01 36 06 00 2E 6A
01 37 07 00 2E 6C
01 37 07 00 2E 6C
01 37 06 00 2E 6B
01 37 07 00 2E 6C
01 37 07 00 2E 6C
01 37 06 00 2E 6B
01 37 07 00 2E 6C
01 37 06 00 2E 6B
01 37 07 00 2E 6C
01 37 07 00 2E 6C
01 36 06 00 2E 6A
01 36 07 00 2E 6B
01 35 07 00 2E 6A
01 35 06 00 2E 69
01 34 07 00 2E 69
01 34 07 00 2E 69
01 34 06 00 2E 68
01 34 07 00 2E 69
01 34 06 00 2E 68
01 35 06 00 2E 69
01 36 07 00 2E 6B
01 37 06 00 2E 6B
01 38 07 00 2E 6D
01 38 06 00 2E 6C
01 36 07 00 2E 6B
01 35 06 00 2E 69
01 33 06 00 2E 67
01 33 07 00 2E 68
01 33 06 00 2E 67
01 33 07 00 2E 68
01 34 06 00 2E 68
01 34 07 00 2E 69
01 35 06 00 2E 69
01 36 07 00 2E 6B
01 36 06 00 2E 6A
01 36 07 00 2E 6B
01 35 06 00 2E 69
01 35 06 00 2E 69
01 34 07 00 2E 69
01 35 06 00 2E 69
01 35 07 00 2E 6A
01 35 06 00 2E 69
01 35 06 00 2E 69
01 35 07 00 2E 6A
01 35 06 00 2E 69
01 34 07 00 2E 69
01 34 06 00 2E 68
01 34 07 00 2E 69
01 35 06 00 2E 69
01 35 06 00 2E 69
01 35 07 00 2E 6A
01 34 06 00 2E 68
01 34 07 00 2E 69
01 34 06 00 2E 68
01 34 07 00 2E 69
01 34 06 00 2E 68
01 34 06 00 2E 68
01 34 07 00 2E 69
01 34 06 00 2E 68
01 34 06 00 2E 68
01 34 07 00 2E 69
01 35 06 00 2E 69
01 35 07 00 2E 6A
01 35 06 00 2E 69
01 35 06 00 2E 69
01 34 07 00 2E 69
01 34 06 00 2E 68
01 34 07 00 2E 69
01 34 06 00 2E 68
01 34 06 00 2E 68
01 33 07 00 2E 68
01 33 06 00 2E 67
01 33 06 00 2E 67
01 33 07 00 2E 68
01 33 06 00 2E 67
01 34 06 00 2E 68
01 35 06 00 2E 69
01 35 07 00 2E 6A
01 36 06 00 2E 6A
01 36 06 00 2E 6A
01 36 07 00 2E 6B
01 36 06 00 2E 6A
01 36 06 00 2E 6A
01 37 06 00 2E 6B
01 37 07 00 2E 6C
01 37 06 00 2E 6B
01 37 06 00 2E 6B
01 37 06 00 2E 6B
01 38 06 00 2E 6C
01 38 06 00 2E 6C
01 38 07 00 2E 6D
01 38 06 00 2E 6C
01 38 06 00 2E 6C
01 38 06 00 2E 6C
01 38 06 00 2E 6C
01 38 06 00 2E 6C
01 38 06 00 2E 6C
01 37 06 00 2E 6B
01 37 06 00 2E 6B
01 37 06 00 2E 6B
01 37 07 00 2E 6C
01 37 06 00 2E 6B
01 37 05 00 2E 6A
01 37 07 00 2E 6C
01 37 06 00 2E 6B
01 37 05 00 2E 6A
01 37 06 00 2E 6B
01 37 06 00 2E 6B
01 37 06 00 2E 6B
01 37 06 00 2E 6B
01 38 06 00 2E 6C
01 38 06 00 2E 6C
01 38 06 00 2E 6C
01 38 06 00 2E 6C
01 38 06 00 2E 6C
01 38 06 00 2E 6C
01 38 05 00 2E 6B
01 38 06 00 2E 6C
01 38 06 00 2E 6C
01 38 06 00 2E 6C
01 39 06 00 2E 6D
01 39 06 00 2E 6D
01 39 06 00 2E 6D
01 39 05 00 2E 6C
01 3A 06 00 2E 6E
01 39 07 00 2E 6E
01 37 06 00 2E 6B
01 35 06 00 2E 69
01 33 06 00 2E 67
01 32 07 00 2E 67
01 31 06 00 2E 65
01 31 06 00 2E 65
01 32 07 00 2E 67
01 32 06 00 2E 66
01 33 07 00 2E 68
01 33 06 00 2E 67
01 34 06 00 2E 68
01 34 06 00 2E 68
01 34 06 00 2E 68
01 35 07 00 2E 6A
01 35 06 00 2E 69
01 35 06 00 2E 69
01 36 07 00 2E 6B
01 35 06 00 2E 69
01 35 06 00 2E 69
01 34 07 00 2E 69
01 34 06 00 2F 69
01 34 07 00 2F 6A
01 34 06 00 2F 69
01 34 06 00 2F 69
01 34 07 00 2E 69
01 34 06 00 2E 68
01 35 07 00 2E 6A
01 35 06 00 2F 6A
01 35 07 00 2F 6B
01 35 06 00 2E 69
01 35 06 00 2E 69
01 35 07 00 2E 6A
01 35 07 00 2E 6A
01 35 06 00 2E 69
01 35 07 00 2E 6A
01 35 06 00 2F 6A
01 35 07 00 2F 6B
01 35 06 00 2E 69
01 35 07 00 2E 6A
01 35 06 00 2F 6A
01 35 07 00 2F 6B
01 34 06 00 2E 68
01 34 07 00 2E 69
01 34 06 00 2F 69
01 34 07 00 2F 6A
01 34 06 00 2E 68
01 34 06 00 2E 68
01 35 07 00 2F 6B
01 35 06 00 2F 6A
01 35 06 00 2F 6A
01 36 07 00 2F 6C
01 36 07 00 2F 6C
01 36 06 00 2F 6B
01 36 07 00 2F 6C
01 35 06 00 2F 6A
01 34 07 00 2F 6A
01 34 06 00 2F 69
01 34 07 00 2F 6A
01 34 07 00 2F 6A
01 33 06 00 2F 68
01 33 06 00 2F 68
01 33 07 00 2F 69
01 34 07 00 2F 6A
01 36 06 00 2F 6B
01 37 06 00 2F 6C
01 37 06 00 2F 6C
01 37 07 00 2F 6D
01 36 06 00 2F 6B
01 36 07 00 2F 6C
01 35 06 00 2F 6A
01 35 07 00 2F 6B
01 35 06 00 2F 6A
01 35 07 00 2F 6B
01 35 06 00 2F 6A
01 35 07 00 2F 6B
01 35 06 00 2F 6A
01 36 07 00 2F 6C
01 36 07 00 2F 6C
01 36 06 00 2F 6B
01 36 07 00 2F 6C
01 36 06 00 2F 6B
01 36 07 00 2F 6C
01 36 07 00 2F 6C
01 36 06 00 2F 6B
01 35 07 00 2F 6B
01 35 06 00 2F 6A
01 35 07 00 2F 6B
01 35 06 00 2F 6A
01 35 07 00 2F 6B
01 35 06 00 2F 6A
01 36 07 00 2F 6C
01 36 06 00 2F 6B
01 37 07 00 2F 6D
01 37 07 00 2F 6D
01 37 06 00 2F 6C
01 37 07 00 2F 6D
01 36 07 00 2F 6C
01 35 06 00 2F 6A
01 35 07 00 2F 6B
01 35 06 00 2F 6A
01 36 07 00 2F 6C
01 36 07 00 2F 6C
01 37 06 00 2F 6C
01 37 07 00 2F 6D
01 37 07 00 2F 6D
01 36 06 00 2F 6B
01 36 07 00 2F 6C
01 36 07 00 2F 6C
01 36 06 00 2F 6B
01 36 07 00 2F 6C
01 36 06 00 2F 6B
01 36 07 00 2F 6C
01 37 07 00 2F 6D
01 37 06 00 2F 6C
01 37 07 00 2F 6D
01 36 07 00 2F 6C
01 36 06 00 2F 6B
01 35 07 00 2F 6B
01 35 07 00 2F 6B
01 35 06 00 2F 6A
01 35 07 00 2F 6B
01 34 07 00 2F 6A
01 34 06 00 2F 69
01 35 07 00 2F 6B
01 35 06 00 2F 6A
01 35 07 00 2F 6B
01 35 06 00 2F 6A
01 35 07 00 2F 6B
01 35 06 00 2F 6A
01 36 07 00 2F 6C
01 36 06 00 2F 6B
01 36 06 00 2F 6B
01 36 07 00 2F 6C
01 37 06 00 2F 6C
01 37 07 00 2F 6D
01 37 07 00 2F 6D
01 36 06 00 2F 6B
01 35 06 00 2F 6A
01 35 07 00 2F 6B
01 35 07 00 2F 6B
01 35 06 00 2F 6A
01 35 07 00 2F 6B
01 35 06 00 2F 6A
01 35 07 00 2F 6B
01 35 06 00 2F 6A
01 35 07 00 2F 6B
01 35 06 00 2F 6A
01 35 07 00 2F 6B
01 35 06 00 2F 6A
01 36 07 00 2F 6C
01 36 06 00 2F 6B
01 36 07 00 2F 6C
01 36 06 00 2F 6B
01 36 07 00 2F 6C
01 36 07 00 2F 6C
01 36 06 00 2F 6B
01 35 06 00 2F 6A
01 35 07 00 2F 6B
01 35 07 00 2F 6B
01 36 06 00 2F 6B
01 36 07 00 2F 6C
01 36 07 00 2F 6C
01 36 06 00 2F 6B
01 36 07 00 2F 6C
01 36 06 00 2F 6B
01 35 07 00 2F 6B
01 35 06 00 2F 6A
01 35 07 00 2F 6B
01 36 07 00 2F 6C
01 37 06 00 2F 6C
01 37 07 00 2F 6D
01 37 06 00 2F 6C
01 36 07 00 2F 6C
01 36 07 00 2F 6C
01 36 06 00 2F 6B
01 36 07 00 30 6D
01 36 07 00 30 6D
01 36 06 00 2F 6B
01 36 07 00 2F 6C
01 36 07 00 2F 6C
01 36 06 00 2F 6B
01 36 07 00 2F 6C
01 35 07 00 2F 6B
01 36 06 00 2F 6B
01 37 07 00 2F 6D
01 38 07 00 2F 6E
01 38 06 00 2F 6D
01 38 07 00 30 6F
01 37 07 00 30 6E
01 36 06 00 2F 6B
01 36 07 00 2F 6C
01 35 07 00 2F 6B
01 35 07 00 2F 6B
01 35 07 00 2F 6B
01 36 06 00 30 6C
01 36 07 00 30 6D
01 36 07 00 2F 6C
01 36 06 00 2F 6B
01 37 07 00 30 6E
01 38 07 00 30 6F
01 39 06 00 30 6F
01 39 07 00 30 70
01 39 07 00 30 70
01 38 07 00 30 6F
01 38 06 00 30 6E
01 37 07 00 30 6E
01 36 07 00 30 6D
01 36 06 00 30 6C
01 36 07 00 30 6D
01 36 06 00 30 6C
01 36 07 00 30 6D
01 36 07 00 30 6D
01 37 06 00 30 6D
01 37 07 00 30 6E
01 37 07 00 30 6E
01 38 07 00 30 6F
01 38 06 00 30 6E
01 37 07 00 30 6E
01 36 07 00 30 6D
01 36 06 00 30 6C
01 36 07 00 30 6D
01 36 07 00 30 6D
01 36 06 00 30 6C
01 36 07 00 30 6D
01 37 07 00 30 6E
01 37 07 00 30 6E
01 38 06 00 30 6E
01 38 07 00 30 6F
01 37 07 00 30 6E
01 37 07 00 30 6E
01 36 06 00 30 6C
01 36 07 00 30 6D
01 37 07 00 30 6E
01 38 07 00 30 6F
01 38 06 00 30 6E
01 39 07 00 30 70
01 39 07 00 30 70
01 38 07 00 30 6F
01 38 07 00 30 6F
01 37 07 00 30 6E
01 37 07 00 30 6E
01 37 07 00 30 6E
01 38 07 00 30 6F
01 38 07 00 30 6F
01 39 06 00 30 6F
01 3A 07 00 30 71
01 39 07 00 30 70
01 39 07 00 30 70
01 39 07 00 30 70
01 39 07 00 30 70
01 38 07 00 30 6F
01 38 07 00 30 6F
01 38 06 00 30 6E
01 38 07 00 30 6F
01 38 07 00 30 6F
01 38 07 00 30 6F
01 38 07 00 30 6F
01 39 07 00 30 70
01 39 07 00 30 70
01 39 07 00 30 70
01 39 07 00 30 70
01 39 07 00 30 70
01 39 07 00 30 70
01 39 07 00 30 70
01 38 07 00 30 6F
01 37 07 00 30 6E
01 37 07 00 30 6E
01 36 07 00 30 6D
01 36 07 00 30 6D
01 36 07 00 30 6D
01 37 06 00 30 6D
01 38 07 00 30 6F
01 39 07 00 30 70
01 3A 07 00 30 71
01 3B 06 00 30 71
01 3B 08 00 30 73
01 3A 06 00 30 70
01 38 07 00 30 6F
01 37 07 00 30 6E
01 36 07 00 30 6D
01 36 07 00 30 6D
01 36 07 00 30 6D
01 37 06 00 30 6D
01 37 07 00 30 6E
01 38 07 00 30 6F
01 39 07 00 30 70
01 39 07 00 30 70
01 3A 07 00 30 71
01 3A 07 00 30 71
01 3A 07 00 30 71
01 3A 07 00 30 71
01 39 07 00 30 70
01 39 06 00 30 6F
01 38 08 00 30 70
01 38 07 00 30 6F
01 39 07 00 30 70
01 39 07 00 30 70
01 39 07 00 30 70
01 3A 07 00 30 71
01 3A 07 00 30 71
01 3A 07 00 30 71
01 3A 07 00 30 71
01 3A 07 00 30 71
01 3A 07 00 30 71
01 3A 07 00 30 71
01 3A 07 00 30 71
01 3A 07 00 30 71
01 3A 07 00 30 71
01 3A 08 00 30 72
01 3A 07 00 30 71
01 3B 07 00 30 72
01 3B 07 00 30 72
01 3B 07 00 30 72
01 3B 07 00 30 72
01 3A 07 00 30 71
01 39 08 00 30 71
01 38 07 00 30 6F
01 38 07 00 30 6F
01 38 07 00 30 6F
01 38 07 00 30 6F
01 38 07 00 30 6F
01 39 07 00 30 70
01 3A 07 00 30 71
01 3B 07 00 30 72
01 3B 06 00 30 71
01 3B 07 00 30 72
01 3A 07 00 30 71
01 39 07 00 30 70
01 39 07 00 30 70
01 39 07 00 30 70
01 39 07 00 30 70
01 39 07 00 30 70
01 39 07 00 30 70
01 3A 08 00 30 72
01 3A 07 00 30 71
01 3B 07 00 30 72
01 3B 07 00 30 72
01 3A 07 00 30 71
01 3A 07 00 30 71
01 3A 08 00 30 72
01 3B 07 00 30 72
01 3B 07 00 30 72
01 3B 07 00 30 72
01 3C 08 00 30 74
01 3C 07 00 30 73
01 3C 07 00 30 73
01 3B 07 00 30 72
01 3B 08 00 30 73
01 3C 07 00 30 73
01 3C 07 00 30 73
01 3C 08 00 30 74
01 3C 07 00 30 73
01 3C 07 00 30 73
01 3C 08 00 30 74
01 3C 07 00 30 73
01 3B 07 00 30 72
01 3B 08 00 30 73
01 3B 07 00 30 72
01 3B 07 00 30 72
01 3B 07 00 30 72
01 3B 08 00 30 73
01 3A 07 00 30 71
01 3A 07 00 30 71
01 3A 07 00 30 71
01 3B 08 00 30 73
01 3B 07 00 30 72
01 3C 07 00 30 73
01 3C 07 00 30 73
01 3D 08 00 30 75
01 3D 07 00 30 74
01 3D 08 00 30 75
01 3C 07 00 30 73
01 3C 07 00 30 73
01 3B 08 00 30 73
01 3A 07 00 30 71
01 3A 08 00 30 72
01 3A 07 00 30 71
01 3B 07 00 30 72
01 3C 08 00 30 74
01 3D 07 00 30 74
01 3D 07 00 30 74
01 3C 08 00 30 74
01 3C 07 00 30 73
01 3C 07 00 30 73
01 3D 07 00 30 74
01 3F 08 00 30 77
01 40 07 00 30 77
01 3F 08 00 30 77
01 3E 07 00 30 75
01 3D 08 00 30 75
01 3B 08 00 30 73
01 3B 07 00 30 72
01 3B 08 00 30 73
01 3C 07 00 30 73
01 3C 08 00 30 74
01 3D 07 00 30 74
01 3E 08 00 30 76
01 3E 07 00 30 75
01 3F 08 00 30 77
01 3F 07 00 30 76
01 3E 07 00 30 75
01 3E 08 00 30 76
01 3D 07 00 30 74
01 3D 07 00 30 74
01 3D 08 00 30 75
01 3D 07 00 30 74
01 3D 07 00 30 74
01 3C 08 00 30 74
01 3B 07 00 30 72
01 3B 08 00 30 73
01 3B 07 00 30 72
01 3B 08 00 30 73
01 3B 07 00 30 72
01 3B 07 00 30 72
01 3B 08 00 30 73
01 3C 07 00 30 73
01 3C 07 00 30 73
01 3D 08 00 30 75
01 3E 07 00 30 75
01 3F 07 00 30 76
01 3F 08 00 30 77
01 3F 07 00 30 76
01 3E 08 00 30 76
01 3D 07 00 30 74
01 3C 07 00 30 73
01 3C 08 00 30 74
01 3D 07 00 30 74
01 3D 08 00 30 75
01 3D 07 00 30 74
01 3E 08 00 30 76
01 3E 07 00 30 75
01 3D 08 00 30 75
01 3D 07 00 30 74
01 3D 08 00 30 75
01 3D 08 00 30 75
01 3E 07 00 30 75
01 3E 07 00 30 75
01 3E 08 00 30 76
01 3E 08 00 30 76
01 3E 07 00 30 75
01 3E 08 00 30 76
01 3D 07 00 30 74
01 3D 08 00 30 75
01 3D 08 00 30 75
01 3C 07 00 30 73
01 3C 08 00 30 74
01 3B 07 00 30 72
01 3C 07 00 30 73
01 3D 08 00 30 75
01 3E 07 00 30 75
01 3F 08 00 30 77
01 40 07 00 30 77
01 40 08 00 30 78
01 40 08 00 30 78
01 40 08 00 30 78
01 3F 07 00 30 76
01 3D 08 00 30 75
01 3D 08 00 30 75
01 3D 07 00 30 74
01 3D 08 00 30 75
01 3E 08 00 30 76
01 3F 08 00 30 77
01 40 07 00 30 77
01 41 08 00 30 79
01 42 08 00 30 7A
01 43 08 00 30 7B
01 44 08 00 30 7C
01 43 08 00 30 7B
01 41 08 00 30 79
01 40 08 00 30 78
01 3F 08 00 30 77
01 40 08 00 30 78
01 41 08 00 30 79
01 41 09 00 30 7A
01 42 08 00 30 7A
01 43 08 00 30 7B
01 44 08 00 30 7C
01 44 08 00 30 7C
01 45 08 00 30 7D
01 46 09 00 30 7F
01 46 08 00 30 7E
01 47 08 00 30 7F
01 45 09 00 30 7E
01 43 08 00 30 7B
01 42 08 00 30 7A
01 42 09 00 30 7B
01 42 08 00 30 7A
01 42 08 00 30 7A
01 42 09 00 30 7B
01 42 08 00 30 7A
01 42 08 00 30 7A
01 44 08 00 30 7C
01 45 08 00 30 7D
01 46 08 00 30 7E
01 47 09 00 30 80
01 46 08 00 31 7F
01 45 08 00 31 7E
01 44 09 00 31 7E
01 43 08 00 31 7C
01 42 08 00 30 7A
01 43 09 00 30 7C
01 44 08 00 31 7D
01 45 08 00 31 7E
01 45 09 00 30 7E
01 45 08 00 30 7D
01 46 08 00 31 7F
01 46 09 00 31 80
01 46 09 00 31 80
01 46 08 00 31 7F
01 46 09 00 31 80
01 46 08 00 31 7F
01 46 09 00 31 80
01 46 08 00 31 7F
01 46 09 00 31 80
01 46 08 00 31 7F
01 46 09 00 31 80
01 46 09 00 31 80
01 46 08 00 31 7F
01 47 09 00 31 81
01 48 09 00 31 82
01 48 08 00 31 81
01 47 09 00 31 81
01 47 08 00 31 80
01 46 09 00 31 80
01 46 09 00 31 80
01 46 08 00 31 7F
01 47 09 00 31 81
01 47 09 00 31 81
01 47 08 00 31 80
01 47 09 00 31 81
01 47 09 00 31 81
01 47 08 00 31 80
01 47 09 00 31 81
01 48 09 00 31 82
01 48 09 00 31 82
01 48 09 00 31 82
01 48 08 00 31 81
01 47 09 00 31 81
01 47 09 00 31 81
01 47 08 00 31 80
01 47 09 00 31 81
01 47 09 00 31 81
01 47 09 00 31 81
01 47 08 00 31 80
01 48 09 00 31 82
01 49 09 00 31 83
01 49 09 00 31 83
01 49 09 00 31 83
01 49 09 00 31 83
01 49 09 00 31 83
01 48 08 00 31 81
01 47 09 00 31 81
01 47 09 00 31 81
01 48 09 00 31 82
01 48 08 00 31 81
01 49 09 00 31 83
01 49 09 00 31 83
01 4A 09 00 31 84
01 4A 09 00 31 84
01 4A 09 00 31 84
01 49 09 00 31 83
01 49 09 00 31 83
01 49 09 00 31 83
01 49 09 00 31 83
01 4A 09 00 31 84
01 4B 09 00 31 85
01 4B 09 00 31 85
01 4B 0A 00 31 86
01 4B 09 00 31 85
01 4C 09 00 31 86
01 4B 09 00 31 85
01 4B 09 00 31 85
01 4B 09 00 31 85
01 4B 09 00 31 85
01 4B 0A 00 31 86
01 4B 09 00 31 85
01 4B 09 00 31 85
01 4B 09 00 31 85
01 4B 0A 00 31 86
01 4B 09 00 31 85
01 4B 09 00 31 85
01 4A 09 00 31 84
01 4B 09 00 31 85
01 4C 0A 00 31 87
01 4D 09 00 31 87
01 4D 09 00 31 87
01 4C 09 00 31 86
01 4B 0A 00 31 86
01 4B 09 00 31 85
01 4C 09 00 31 86
01 4C 09 00 31 86
01 4C 0A 00 31 87
01 4C 09 00 31 86
01 4C 09 00 31 86
01 4C 09 00 31 86
01 4B 0A 00 31 86
01 4B 09 00 31 85
01 4A 09 00 31 84
01 4A 09 00 31 84
01 4B 0A 00 31 86
01 4B 09 00 31 85
01 4B 09 00 31 85
01 4B 09 00 31 85
01 4B 09 00 31 85
01 4B 09 00 31 85
01 4B 09 00 31 85
01 4C 09 00 31 86
01 4C 0A 00 31 87
01 4C 09 00 31 86
01 4B 09 00 31 85
01 4A 09 00 31 84
01 4A 09 00 31 84
01 4A 09 00 31 84
01 4A 09 00 31 84
01 4A 09 00 31 84
01 4A 09 00 31 84
01 4B 09 00 31 85
01 4B 09 00 31 85
01 4B 0A 00 31 86
01 4B 09 00 31 85
01 4B 09 00 31 85
01 4B 09 00 31 85
01 4B 09 00 31 85
01 4B 0A 00 31 86
01 4B 09 00 31 85
01 4B 09 00 32 86
01 4C 09 00 32 87
01 4C 09 00 32 87
01 4C 0A 00 32 88
01 4C 09 00 31 86
01 4C 09 00 31 86
01 4C 0A 00 31 87
01 4C 09 00 31 86
01 4C 09 00 31 86
01 4C 09 00 31 86
01 4B 09 00 32 86
01 4B 0A 00 32 87
01 4B 09 00 31 85
01 4B 09 00 31 85
01 4B 09 00 32 86
01 4C 09 00 32 87
01 4C 0A 00 32 88
01 4C 09 00 31 86
01 4C 09 00 31 86
01 4C 0A 00 32 88
01 4C 09 00 32 87
01 4B 09 00 32 86
01 4B 09 00 32 86
01 4C 09 00 32 87
01 4C 0A 00 32 88
01 4B 09 00 32 86
01 4B 09 00 32 86
01 4A 09 00 32 85
01 4B 09 00 32 86
01 4B 09 00 32 86
01 4C 0A 00 32 88
01 4C 09 00 32 87
01 4C 09 00 32 87
01 4C 09 00 32 87
01 4C 0A 00 32 88
01 4B 09 00 32 86
01 4B 09 00 32 86
01 4A 09 00 32 85
01 4A 09 00 32 85
01 4A 0A 00 32 86
01 4B 09 00 32 86
01 4B 09 00 32 86
01 4C 09 00 32 87
01 4C 09 00 32 87
01 4D 0A 00 32 89
01 4D 09 00 32 88
01 4C 09 00 32 87
01 4C 09 00 32 87
01 4B 09 00 32 86
01 4B 0A 00 32 87
01 4B 09 00 32 86
01 4B 09 00 32 86
01 4C 09 00 32 87
01 4C 0A 00 32 88
01 4C 09 00 32 87
01 4C 09 00 32 87
01 4C 09 00 32 87
01 4C 0A 00 32 88
01 4C 09 00 32 87
01 4C 09 00 32 87
01 4C 0A 00 32 88
01 4C 09 00 32 87
01 4C 09 00 32 87
01 4B 09 00 32 86
01 4B 0A 00 32 87
01 4B 09 00 32 86
01 4C 09 00 32 87
01 4C 09 00 32 87
01 4C 0A 00 32 88
01 4D 09 00 32 88
01 4D 09 00 32 88
01 4D 0A 00 32 89
01 4D 09 00 32 88
01 4D 09 00 32 88
01 4D 0A 00 32 89
01 4C 09 00 32 87
01 4C 09 00 32 87
01 4C 0A 00 32 88
01 4B 09 00 32 86
01 4B 09 00 32 86
01 4C 09 00 32 87
01 4C 0A 00 32 88
01 4C 09 00 32 87
01 4C 09 00 32 87
01 4C 0A 00 32 88
01 4C 09 00 32 87
01 4D 09 00 32 88
01 4C 09 00 32 87
01 4B 09 00 32 86
01 4A 0A 00 32 86
01 4A 09 00 32 85
01 4A 09 00 32 85
01 4B 09 00 32 86
01 4B 09 00 32 86
01 4B 09 00 32 86
01 4B 09 00 32 86
01 4B 0A 00 32 87
01 4B 09 00 32 86
01 4B 09 00 32 86
01 4A 09 00 32 85
01 4A 09 00 32 85
01 4A 09 00 32 85
01 4A 09 00 32 85
01 4B 09 00 32 86
01 4B 09 00 32 86
01 4B 09 00 32 86
01 4A 0A 00 32 86
01 4A 09 00 32 85
01 4A 09 00 32 85
01 4B 09 00 32 86
01 4B 09 00 32 86
01 4B 09 00 32 86
01 4B 09 00 32 86
01 4A 09 00 32 85
01 4A 09 00 32 85
01 4A 0A 00 32 86
01 4A 09 00 32 85
01 4A 09 00 32 85
01 4B 09 00 32 86
01 4B 09 00 32 86
01 4B 09 00 32 86
01 4B 09 00 32 86
01 4B 09 00 32 86
01 4A 09 00 32 85
01 4A 09 00 32 85
01 4A 09 00 32 85
01 4A 09 00 32 85
01 4B 09 00 32 86
01 4A 0A 00 32 86
01 4A 08 00 32 84
01 49 09 00 32 84
01 49 09 00 32 84
01 49 09 00 32 84
01 49 09 00 32 84
01 49 09 00 32 84
01 49 09 00 32 84
01 49 09 00 32 84
01 4A 09 00 32 85
01 4A 09 00 32 85
01 4A 09 00 32 85
01 4A 09 00 32 85
01 4A 09 00 32 85
01 4A 09 00 32 85
01 49 09 00 32 84
01 49 09 00 32 84
01 49 09 00 32 84
01 49 09 00 32 84
01 49 09 00 32 84
01 49 09 00 32 84
01 49 09 00 32 84
01 49 09 00 32 84
01 48 09 00 32 83
01 48 09 00 32 83
01 48 08 00 32 82
01 49 09 00 32 84
01 4A 09 00 32 85
01 4A 09 00 32 85
01 4A 09 00 32 85
01 4A 09 00 32 85
01 4A 09 00 32 85
01 4A 09 00 32 85
01 49 09 00 32 84
01 49 09 00 32 84
01 49 09 00 32 84
01 4A 09 00 32 85
01 4B 09 00 32 86
01 4B 09 00 32 86
01 4B 0A 00 32 87
01 4B 09 00 32 86
01 4B 09 00 32 86
01 4B 09 00 32 86
01 4B 09 00 32 86
01 4A 09 00 32 85
01 49 09 00 32 84
01 49 09 00 32 84
01 49 09 00 32 84
01 4A 09 00 32 85
01 4A 09 00 32 85
01 4B 0A 00 32 87
01 4B 09 00 32 86
01 4C 09 00 32 87
01 4C 09 00 32 87
01 4C 09 00 32 87
01 4B 09 00 32 86
01 4A 09 00 32 85
01 4A 09 00 32 85
01 4A 09 00 32 85
01 4A 0A 00 32 86
01 4A 09 00 32 85
01 4B 09 00 32 86
01 4C 09 00 32 87
01 4C 09 00 32 87
01 4B 0A 00 32 87
01 4B 09 00 32 86
01 4B 09 00 32 86
01 4B 09 00 32 86
01 4A 09 00 32 85
01 4B 09 00 32 86
01 4C 09 00 32 87
01 4C 0A 00 32 88
01 4C 09 00 32 87
01 4B 09 00 32 86
01 4B 09 00 32 86
01 4B 0A 00 32 87
01 4B 09 00 32 86
01 4B 09 00 32 86
01 4B 09 00 32 86
01 4C 09 00 32 87
01 4C 0A 00 32 88
01 4C 09 00 32 87
01 4C 09 00 32 87
01 4C 0A 00 32 88
01 4C 09 00 32 87
01 4C 09 00 32 87
01 4C 09 00 32 87
01 4B 09 00 32 86
01 4B 0A 00 32 87
01 4B 09 00 32 86
01 4B 09 00 32 86
01 4B 09 00 32 86
01 4B 0A 00 32 87
01 4C 09 00 32 87
01 4D 09 00 32 88
01 4D 09 00 32 88
01 4D 0A 00 32 89
01 4C 09 00 32 87
01 4B 09 00 32 86
01 4B 09 00 32 86
01 4B 09 00 32 86
01 4C 0A 00 32 88
01 4C 09 00 32 87
01 4C 09 00 32 87
01 4B 09 00 32 86
01 4A 09 00 32 85
01 4A 0A 00 32 86
01 4A 09 00 32 85
01 01 01 01 01 01
01 01 01 01 01 01
01 01 01 01

